0.417072
0.294551
0.756218
0.336116
0.087004
0.107275
0.286457
0.215253
0.936769
0.104099
0.145145
0.558154
0.36839
0.12338
0.077947
0.784484
0.082332
0.228713
0.22143
0.285553
0.233914
0.175117
0.085899
0.019762
0.020895
0.175413
0.069479
0.684738
0.407656
0.091608
0.123058
0.257406
0.140228
0.20265
0.181064
0.295707
0.17109
0.216379
0.075749
0.282472
0.106743
0.337946
0.141221
0.262685
0.149725
0.023468
0.214255
0.137064
0.023878
0.285679
0.008325
0.0809
0.447797
0.242805
0.572068
0.014262
0.067413
0.110073
0.07438
0.273988
0.98697
0.006545
0.122555
0.28482
0.171596
0.082182
0.116176
0.144901
0.215674
0.237458
0.384275
0.128124
0.104059
0.393223
0.123994
0.156766
0.001966
0.279495
0.16016
0.263342
0.432144
0.334871
0.109112
0.039862
0.053842
0.146061
0.218268
0.894475
0.742554
0.710763
1.020862
0.334761
0.09802
0.105968
0.186055
0.150441
0.225743
0.314121
0.493456
0.261501
0.3069
0.038407
0.579399
0.852907
0.04735
0.197952
0.021135
0.015426
0.18504
0.041093
0.252075
0.052492
0.417974
0.171252
0.039477
0.078351
0.041337
0.617787
0.107984
0.277369
0.084347
0.047923
0.370501
0.271936
0.380594
1.105393
0.326137
0.607376
0.128945
0.136814
0.461931
0.171847
0.057443
0.21912
0.155177
0.318268
0.485826
0.328343
0.36586
0.150516
0.145777
0.292267
0.48182
0.463071
0.137076
0.756775
0.097159
0.126839
1.212515
0.081049
0.144985
0.062443
0.089134
0.169568
0.095977
0.200487
0.083205
0.517751
0.084961
0.32047
0.353629
0.015155
0.379061
0.383537
0.033158
0.124976
0.854496
0.204636
1.379401
1.049749
0.033795
0.081573
0.347479
0.046835
0.130475
0.432918
0.043608
0.122176
0.179365
0.190146
0.191308
0.180336
0.245017
0.460274
0.209321
0.046107
0.254863
0.2923
0.317466
0.050507
0.185533
0.026981
1.192032
0.162787
0.211292
0.053407
0.366178
0.247591
0.057703
0.060577
0.121939
0.156837
0.162924
0.515788
0.549876
0.114705
0.115989
0.097582
0.387621
0.052538
0.135893
0.129767
0.24222
0.081601
0.797925
0.033558
0.161328
0.231448
0.837476
0.314515
0.649989
0.456639
0.005752
0.046628
0.396762
0.199919
0.351745
0.057549
0.246318
0.030974
0.342338
0.124673
0.000525
0.227624
0.537745
0.110373
0.142512
0.200493
0.010752
0.278351
0.052987
0.041724
0.479183
0.372155
0.022293
0.146433
0.400825
0.174047
0.121958
0.246595
0.056965
0.107043
0.881416
0.113136
0.279228
0.215467
0.13975
0.072198
0.43792
0.009061
0.093324
0.576323
0.408657
0.20715
0.543205
0.1959
0.452605
0.266942
0.254378
0.044352
0.191285
0.384221
0.216015
0.682648
0.05949
0.266918
0.438139
0.103522
0.350441
0.261417
0.093955
0.579637
0.302489
0.107453
0.063467
0.082021
0.235185
0.232462
0.10232
0.075393
0.212109
0.170373
0.019055
0.067338
0.038139
0.198413
0.297606
0.133988
0.035579
0.050821
0.261597
0.100318
0.625955
0.094226
1.050052
0.19122
0.412303
0.060419
0.195102
0.211078
0.525695
0.144381
0.101684
0.236497
1.119109
0.248387
0.361838
0.025568
0.246121
0.025778
0.1778
0.087206
0.412608
0.348921
0.05772
0.294143
0.367514
1.339362
0.387483
0.678411
1.342777
0.172528
0.104686
0.454973
0.056895
0.012421
0.300773
0.30387
0.136563
0.472897
0.23016
0.128138
0.321808
0.474182
0.064926
0.033175
0.136133
0.056447
0.94283
0.475925
0.688418
0.053276
0.74233
0.162479
0.309164
0.144552
0.122772
0.593696
0.417829
0.077384
0.179965
0.826541
0.083729
0.377073
0.838919
0.540454
0.429109
0.084292
0.396584
0.018285
0.605924
0.098453
0.117316
0.320218
0.794542
0.258139
0.80087
0.18742
0.165173
0.118655
0.081391
0.519808
0.820909
0.164566
0.004769
0.041225
0.063185
0.974682
0.313996
0.030436
0.062322
0.017052
0.016175
0.079561
0.05412
0.399468
0.08498
0.41676
0.159487
0.343723
0.633697
0.115118
0.262414
0.147251
0.185313
0.378927
0.213467
0.191976
0.662859
0.124118
0.142057
0.084197
0.362002
0.251601
0.430666
0.0989
0.28808
0.130215
0.320957
0.618278
0.398467
0.109127
0.847795
0.057678
0.125467
0.310222
0.212509
0.017466
0.344049
0.239542
0.030469
0.080451
0.415606
0.062268
0.194335
0.155336
0.137886
0.222011
0.033007
0.043824
0.418834
0.310733
1.200445
0.05245
0.0631
0.109981
0.074377
0.035023
0.172917
0.308245
0.182584
0.348781
0.087744
0.040143
0.458187
0.177964
0.171129
0.135684
0.119257
0.820483
0.061767
0.039913
0.509426
0.646861
0.371376
1.779499
0.475602
0.095802
0.048835
0.746914
0.54858
0.460784
0.048826
0.337116
0.374073
0.16271
0.181761
0.108644
0.192869
0.058947
0.020918
0.156512
0.044876
0.287712
0.102173
0.016354
0.328303
0.161792
0.032432
0.274723
0.047709
0.075254
0.913211
0.47191
0.172322
0.160489
0.143527
0.071735
0.083359
0.126062
0.146592
0.033246
0.194569
1.147333
0.472316
0.064211
0.531907
0.223983
0.306439
0.526789
0.296186
0.14441
0.243971
0.071404
0.184219
0.385901
0.447928
0.415135
0.05519
0.49865
0.33576
0.238873
0.147305
0.836391
0.308996
0.10052
0.116672
0.668428
0.143339
0.117301
0.275047
0.172656
0.264862
0.440256
0.347113
0.474053
1.083929
0.080502
0.146104
0.409943
0.092432
0.099023
0.962144
0.16115
0.208666
0.350065
0.360694
0.18407
0.378637
0.240487
0.366304
0.168886
0.246701
0.146162
0.514517
0.313399
0.643864
0.897793
0.092863
0.142395
0.545271
0.444368
0.550644
0.045029
0.638387
0.262293
0.308719
0.482459
0.308277
0.061171
0.244539
0.15251
0.051461
0.390826
0.116959
0.455497
0.075198
0.040973
0.163073
0.085555
0.583004
0.256062
0.14131
0.153701
0.205264
0.081688
0.103805
0.172694
0.091167
0.248933
0.172699
0.110456
0.085798
0.136727
0.15695
0.618559
0.569113
0.036523
0.489907
0.296123
0.294947
0.307007
0.333969
0.046824
0.04263
0.161818
0.115029
0.252913
0.070702
0.155907
0.05334
0.330112
0.400236
0.012473
0.199427
0.160567
0.191822
0.055294
0.325803
0.280397
0.121078
0.013215
0.178167
0.203253
0.805814
0.578369
0.31069
0.337465
0.170203
0.204538
0.962271
0.267571
0.060215
0.298106
0.121705
0.217777
0.004073
0.057177
0.147861
0.311185
0.197361
0.109791
0.63131
0.244403
0.356354
0.211269
0.221752
0.555531
0.115402
0.05576
0.04507
0.218242
0.931772
0.090838
0.411692
0.282885
0.417779
0.147565
0.512433
0.29805
0.384362
0.372856
0.388689
0.0936
0.23075
0.145744
0.205559
0.097812
0.276257
0.006194
0.037915
0.282989
0.599964
0.321133
0.343474
0.299585
0.130086
0.151085
0.116148
0.261498
0.270318
0.412504
0.618979
0.363657
0.020284
0.072181
0.065597
0.012073
0.196592
0.270568
0.351667
0.042276
0.217615
0.136947
0.353303
0.365624
0.064554
0.765699
0.76969
0.334934
0.418852
0.123756
0.719604
0.037438
0.717563
0.228304
0.74537
0.076764
0.491037
0.3841
0.044964
0.140972
0.317658
0.129739
0.018105
0.659588
0.168268
0.016771
0.257713
0.569456
0.091372
0.112475
0.074271
0.381174
0.459183
0.034313
0.930711
0.290642
0.232746
0.163432
0.1398
0.076918
0.108574
0.078835
0.232012
0.189249
0.073529
0.18961
0.316015
0.672182
0.207143
0.142155
0.240477
0.223974
0.16143
0.262139
0.359734
0.360577
0.127316
0.227194
1.379523
0.67545
0.84102
1.336241
0.111779
0.389383
0.087564
0.153588
0.245527
0.335092
0.516075
0.148384
0.331221
0.043646
0.302324
0.054406
0.177601
0.098721
0.296493
0.388108
0.587002
0.076777
0.008281
0.316315
0.285748
0.386537
0.076998
0.047857
0.068231
0.261065
0.162749
1.594205
0.194288
1.287213
0.021002
0.064501
0.122665
0.319983
0.13961
0.061378
0.100377
0.406997
0.152225
0.076448
0.645786
0.072804
0.063389
0.43202
0.08965
0.004561
0.266423
0.627582
1.305989
0.578272
0.030224
0.853811
0.3731
0.956713
0.182707
0.208227
0.157077
0.064292
0.037816
0.503774
0.016793
0.041657
0.361653
0.52801
0.282013
0.288761
0.398689
0.172187
0.052049
0.060333
0.099286
0.017846
0.068524
0.312426
0.634294
0.433739
0.050605
0.110315
1.144206
0.211525
0.610513
0.295543
0.079593
0.505543
0.157489
0.237633
0.325924
0.200201
0.474607
0.344347
0.062223
0.070262
0.415356
0.070301
1.240389
0.724048
0.288999
0.067397
0.135343
0.202477
0.165685
0.422418
0.12184
0.36349
0.413893
0.194839
0.454068
0.41461
0.24761
0.126302
0.116748
0.301466
0.179581
0.100982
1.011558
0.140419
0.143658
0.292475
0.869027
0.112412
1.164372
0.230182
0.458946
0.077148
0.304182
0.192496
0.140671
0.649856
0.122839
0.074193
0.071573
0.092625
0.281772
0.16186
0.491641
0.167233
0.136081
0.118896
0.061052
0.05631
0.034608
0.636498
0.344472
0.377482
0.92807
0.093611
0.414671
0.212877
0.177709
0.29317
0.190469
0.264857
0.088534
0.16684
0.362112
0.153122
0.061976
0.330859
0.356401
1.035337
0.005059
0.089728
0.030895
0.134765
0.241248
0.01013
0.271736
0.280481
0.413554
0.256109
0.409215
0.057422
0.062747
0.081541
0.02809
0.275236
0.269693
0.11929
0.01364
0.36423
0.035293
0.285343
0.473255
0.072959
0.160413
0.142616
0.068159
0.113992
0.054161
0.071539
0.125594
0.090269
0.016521
0.471367
0.116232
0.256287
0.233024
0.112304
0.347349
0.944349
0.270242
0.253992
0.463095
0.076326
0.207321
0.190118
0.114219
0.166687
0.722529
0.185221
0.262347
0.218748
0.140838
0.437498
0.066188
0.516489
0.745073
0.325101
0.088269
0.488648
1.263369
0.018748
0.514186
0.117687
0.034849
0.377644
0.167213
0.562022
0.313451
0.268439
0.015067
0.006453
0.726669
0.393425
0.233951
0.602515
0.475369
0.562482
0.064894
0.135548
0.069339
0.436782
0.068458
0.286618
0.050676
0.03518
0.629846
0.121167
0.733722
0.587453
0.170877
0.946355
0.133358
0.101188
0.179255
0.07574
0.053549
0.017243
0.317788
0.110145
0.371801
0.072155
0.172846
0.038244
0.022209
0.046223
0.020131
0.108241
0.379245
0.395389
1.426184
0.163203
0.029042
0.604864
0.199505
0.024982
0.093158
0.258167
0.202144
0.126565
0.172098
0.005178
0.174793
0.006833
0.883388
0.830752
0.909072
0.564691
0.770268
0.019628
0.843898
0.09578
0.144145
0.171365
0.054855
0.069922
0.719612
0.413647
0.151853
0.067258
0.729597
0.141737
0.192664
0.157483
0.20546
0.232903
0.20416
0.183467
0.072308
0.169427
0.115147
0.147016
0.295492
0.145871
0.015571
0.094539
0.18334
0.760102
0.099158
0.202562
0.396808
0.085713
0.1449
0.191198
0.350944
0.123342
0.029527
0.56446
0.026378
0.612747
0.194802
0.680163
0.097768
0.076159
0.202596
0.08385
0.177941
0.383127
0.508122
0.105321
0.16655
0.147839
0.051884
0.119746
0.426991
0.137044
0.610909
0.410456
0.733952
0.156776
0.134663
0.625383
0.042298
0.121356
0.08052
0.093986
0.046579
0.112021
0.007535
1.247766
0.209254
1.386448
0.250402
0.311149
0.353765
0.099643
0.272979
0.151923
0.605012
0.208521
0.070515
0.216956
0.123117
0.335606
0.101574
0.310876
0.075305
0.569498
0.269815
0.110318
0.102605
0.026153
0.016025
0.340226
0.223425
0.498717
0.107508
0.503121
0.535691
0.8074
0.061464
0.106209
0.049639
0.427997
0.043123
0.609527
0.015803
0.204542
0.062635
0.216868
0.324715
0.130446
0.604196
0.552611
0.049392
0.036222
0.182355
0.395604
0.173003
0.189961
0.100186
0.590193
0.438437
0.024491
0.86602
0.065531
0.152297
0.527538
0.131843
0.209379
0.169976
0.104296
0.2594
0.143709
0.164045
0.072518
0.123409
0.075713
1.448004
0.370675
0.160551
0.315792
1.067673
0.393615
0.178913
0.376121
1.007224
0.074646
0.328541
0.330751
0.35303
0.341358
0.079458
0.143568
0.251599
0.011315
0.018329
0.834421
0.655183
0.122127
0.329301
0.36015
0.092705
0.171196
0.270972
0.242806
0.057002
0.677897
0.186664
0.306715
0.599048
0.054141
0.311564
0.87372
0.08318
0.219807
0.049812
0.097921
0.059808
0.453284
0.076772
0.629918
0.636529
0.137703
0.185746
0.623033
0.211487
0.417486
0.183645
0.221332
0.123061
0.028584
0.040014
0.697001
0.0309
0.011682
0.037484
0.049468
0.826266
0.100676
0.209019
0.148544
0.518816
0.121897
0.253194
0.060904
0.117122
0.146639
0.337737
0.059004
0.273212
0.023038
0.251495
0.296618
0.378035
0.231288
0.231735
0.367545
0.64253
0.212089
0.294807
0.201295
0.096504
0.014983
0.111791
0.726591
0.099876
0.537924
0.190182
0.170571
0.24799
0.459805
0.171706
0.408699
1.41481
0.726413
0.05586
0.098133
0.181301
0.03388
0.057954
0.120542
0.080773
0.195239
0.08057
0.116863
0.11184
0.339925
0.104188
0.428582
0.042869
0.186593
0.610662
0.145615
0.09904
0.41189
0.271741
0.031713
0.690935
0.163335
0.160981
0.121998
0.0856
0.095351
1.628175
0.226537
0.006305
0.609836
0.504559
0.211094
0.110661
0.277556
0.338943
0.064529
0.037282
0.184673
0.367274
0.011114
0.088607
0.379994
0.108854
0.275135
0.210255
0.290788
0.172493
0.116166
0.211647
0.026024
0.441444
0.04623
0.319803
0.170639
0.33428
0.600335
0.292508
0.126831
0.056356
0.738071
0.031028
0.318649
0.084276
0.736027
0.127634
0.214516
0.273079
0.183804
0.953843
0.24706
0.077337
0.344623
0.280097
0.170949
0.03117
0.614548
0.275603
0.277513
0.017227
0.256129
0.049041
0.659509
0.123749
0.287428
0.30399
0.038883
0.843146
0.159361
0.046741
0.050813
0.395845
0.093842
0.854242
0.331639
0.267529
0.599735
0.476996
0.0824
0.34477
0.255739
0.345186
0.381439
0.115166
0.265186
0.097463
0.158165
0.146652
0.135188
0.11682
0.327974
0.231883
0.603237
0.143686
0.063782
0.171013
0.202224
0.123476
0.090086
0.195958
0.158637
1.353801
0.289584
0.336836
0.053435
0.108057
0.361532
0.737941
0.282671
0.045498
0.297282
0.288688
1.154048
0.035336
0.503858
0.301623
0.201488
0.11013
0.265003
0.046067
0.087617
0.490183
0.092492
0.272399
0.396284
0.495864
0.068941
0.172137
0.552657
0.196012
0.643795
0.228565
0.265811
0.455886
0.069056
0.174446
0.114266
0.077415
0.17433
0.304782
0.074102
0.373415
0.228113
0.35367
0.057427
0.077403
0.025311
0.263246
0.451892
0.354271
0.076809
0.435967
0.111339
0.037305
0.132168
0.263233
0.01344
0.232359
0.514811
0.198539
0.258661
0.553503
0.158624
0.103922
0.347151
0.092705
0.313439
0.136409
0.180127
0.035164
0.446104
0.153662
0.378211
0.045917
0.073846
0.0839
0.277516
0.260034
0.468112
0.437591
0.012708
0.03287
0.110226
0.270319
0.018368
0.160595
0.961392
0.162959
0.143162
0.097517
0.130401
0.524821
0.52245
0.792712
0.039258
0.835001
0.243413
0.271674
0.074475
0.080396
0.058154
0.321712
0.028873
0.730544
0.045218
0.333642
0.573123
0.238854
0.012988
0.230784
0.76302
0.103029
0.105892
0.345947
0.128672
0.214951
0.04728
0.231398
0.260821
0.023165
0.102126
0.137565
0.233394
0.16863
0.196061
0.081658
0.115445
0.20827
0.015788
0.218607
0.092274
0.065585
0.007918
0.145356
0.144642
0.561133
0.241823
0.01003
0.100209
0.225955
0.394983
0.020788
0.615691
0.678597
0.268883
0.357613
0.244463
0.422703
0.107468
0.262781
0.017192
0.149849
0.430906
0.46778
0.039154
0.113032
0.279479
0.4097
0.290643
0.20518
0.553776
0.098728
0.036559
0.216153
0.203593
0.24637
0.141197
0.039913
0.292136
0.139283
0.099078
0.225395
0.132759
0.110639
0.092416
0.257433
0.148679
0.287619
0.337858
0.050716
0.192389
0.409996
0.784164
0.321715
0.009854
0.100253
0.275722
0.198319
0.307199
0.41897
0.825465
0.037554
0.065934
0.478821
0.257225
0.587316
0.167348
0.316849
0.201744
0.048203
0.019616
0.56219
0.016691
0.23721
0.03004
0.051991
0.184356
0.840211
0.040115
0.07123
1.084719
0.560744
0.12215
0.67191
0.059855
0.032673
0.483235
0.160714
0.185728
0.014244
0.048018
0.036887
0.06346
0.282402
0.195976
0.046736
0.052006
0.100129
0.238312
0.136365
0.070835
0.658845
0.041946
0.054571
0.178967
0.053063
0.086695
0.064869
0.605823
0.034136
0.368199
0.005754
0.017684
0.290412
0.257741
0.054714
0.215889
0.027949
0.642324
0.195097
0.450275
0.03229
0.247991
0.338691
0.590338
0.07282
1.145125
0.276072
0.170293
0.195506
0.262877
0.54185
0.368499
0.385786
0.309932
0.268548
1.141802
0.077728
0.034334
0.072078
0.220983
0.002908
0.081247
0.153332
0.039295
0.059592
0.553451
0.479221
0.561979
0.101532
0.022205
0.447345
0.235988
0.020033
0.386017
0.15652
0.574461
0.051958
0.439749
0.124543
0.153777
0.397015
0.061454
0.027928
0.357721
0.69357
0.064361
0.342237
0.476354
0.160585
0.227391
0.144167
0.533925
0.297456
0.413353
0.19442
0.42222
0.150142
0.254964
0.086261
0.188932
0.143946
0.331242
0.112381
0.206547
0.169239
0.403057
0.265067
0.053732
0.47606
0.299241
0.183128
0.155504
0.4191
0.122292
0.150845
0.22463
0.218539
0.415365
0.272779
0.297507
0.197691
0.119991
0.076654
0.357804
0.452911
0.015762
0.650999
1.752375
0.142942
0.32595
0.573887
0.203584
0.256198
0.679879
0.120901
0.089557
0.082933
0.320674
0.483276
0.075741
0.393749
0.084669
0.423928
0.358537
0.197518
0.248578
0.13294
0.294406
0.050021
0.652779
0.436371
0.034528
0.304118
0.051105
0.25967
0.128081
0.046069
0.155066
0.392934
0.065965
0.214838
0.477775
0.591605
0.449736
0.397667
0.069591
0.093448
0.401172
0.623643
0.059988
0.320656
0.123183
0.176014
0.262164
0.226803
0.051735
0.508855
0.116644
0.232742
0.29203
0.174361
0.358351
0.031215
0.018233
0.043712
0.035703
0.369354
0.266181
0.247556
0.365758
0.080756
0.146622
0.029689
0.194835
0.035816
0.972472
0.281359
0.149197
0.015859
0.278853
0.345251
0.011584
0.323786
0.058731
0.180627
0.804816
0.38355
0.304534
0.086702
0.016376
0.40679
0.253793
0.774565
0.306747
0.629535
0.097502
0.062992
0.467218
0.344599
0.10106
0.118974
0.56486
0.645619
0.253517
0.562126
0.049975
0.114291
0.498595
0.197937
0.203445
0.634888
0.269025
0.012551
0.002308
0.189223
0.89603
0.219895
0.218074
0.483343
0.052409
0.115572
0.367385
0.065908
0.423448
0.066732
0.696692
1.408785
0.47905
0.286026
0.225691
0.95414
1.110305
0.162799
0.186348
0.793554
0.108948
0.542691
0.044605
0.031674
0.01375
0.696372
0.214978
0.13388
0.112434
0.119427
0.785434
0.007566
0.429953
0.164768
0.295479
0.613728
0.327104
0.825626
0.29721
0.21087
1.011788
0.147943
0.326986
0.161236
0.211181
0.336503
0.010328
0.185244
0.310091
0.007668
0.44111
0.007781
0.048465
0.007664
0.396423
0.355421
0.283649
0.137555
0.01149
0.100209
0.209492
0.654732
0.206685
0.062716
0.042189
0.111546
0.203426
0.074147
0.1578
0.002587
0.565555
0.142413
0.088675
0.065848
0.424578
0.48865
0.156976
0.15223
0.480127
0.063891
0.323125
0.047208
0.215122
0.252179
0.307868
0.031039
0.025012
0.401469
0.634197
0.068288
0.461364
0.024726
0.399147
0.252929
0.053065
0.089159
0.292463
0.028346
0.057286
0.027944
0.155794
0.256382
0.033014
0.613969
0.041556
0.125972
0.04907
0.258182
0.257788
0.464753
0.65434
0.346226
0.603836
0.617408
0.139934
0.03591
0.305924
0.210817
0.226532
0.438215
0.165569
0.377996
0.06052
1.285764
0.11096
0.301679
0.469514
0.141793
0.222056
0.172936
0.013786
0.106073
0.160344
0.094821
0.106611
0.296217
0.071456
0.667912
0.199669
0.340371
0.106794
0.021799
0.261992
0.154103
0.151109
0.310473
0.350372
0.195401
0.185277
0.16416
0.359766
0.633522
0.769778
0.644765
0.189788
0.041225
0.083692
0.169454
0.589883
0.201644
0.032994
0.030992
0.640843
0.097074
0.173889
0.19439
0.322535
0.114439
0.555705
0.459189
0.051113
0.287885
0.499245
0.569647
0.252961
0.044158
0.501784
0.562303
0.250404
0.299331
0.056431
0.062994
0.492482
0.052683
0.04804
0.31036
0.231209
1.421347
0.105416
0.35438
0.188258
0.339848
0.516553
0.049321
0.630086
0.490244
0.201046
0.081905
0.273592
0.049515
0.273338
0.25687
0.002811
0.176272
0.141923
0.137897
0.138387
0.161525
0.061492
0.0613
0.291126
0.078009
1.234692
0.260082
0.124156
0.107432
0.371891
0.035943
0.105088
0.039718
0.288307
0.209074
0.297395
0.368685
0.17738
0.162253
0.340341
0.029763
0.105108
0.225356
0.679839
0.119854
0.135077
0.134577
0.026236
0.058589
0.073735
0.355113
0.08465
0.126594
0.169684
0.730799
0.042121
0.078049
0.118515
0.724742
0.277664
0.081579
0.107557
0.119953
0.037134
0.113867
0.007613
0.165656
0.356507
0.253463
0.085376
0.324959
0.265237
0.168096
0.268188
0.149763
0.202782
0.25099
0.036807
1.043259
0.044157
0.157078
0.215745
0.367975
0.224736
0.111138
0.595187
0.286363
0.223042
0.266085
0.431169
0.534212
0.450033
0.107616
0.132323
0.122016
0.040145
0.087699
0.113139
0.169277
0.294168
0.141799
0.194135
0.226849
0.277201
0.293229
0.133264
0.029297
0.333337
0.367739
0.882669
0.030362
0.416635
0.066337
0.945347
0.039217
0.267034
0.301539
0.187058
0.081198
0.187396
0.084575
0.015824
0.184764
0.025818
0.112995
0.034735
0.415592
0.340433
0.514094
0.123606
0.478142
0.145947
0.128443
0.379278
0.041486
0.225312
0.063598
0.220556
0.050787
0.345799
0.199027
1.085778
0.083279
0.101345
0.212828
0.014893
0.354649
0.173146
0.020342
0.126048
0.18689
0.169721
0.007691
0.064185
0.77886
0.114249
0.090732
0.78796
0.786182
0.240912
0.069825
0.15945
0.63647
0.109238
0.046385
0.045519
0.973064
0.282238
0.171689
0.063428
0.024616
0.19103
0.37108
0.122409
0.09296
0.445348
0.305801
0.847205
0.445195
0.038207
0.52106
0.102974
0.257219
0.085505
0.065343
0.269818
0.328787
0.131315
0.153701
0.217564
0.154185
0.63648
0.262533
0.129219
0.227029
0.292207
0.340153
0.4422
0.024058
0.138625
0.07189
0.020508
0.296043
0.123136
0.170912
0.137325
1.467233
0.636128
0.366701
0.056157
0.465885
0.013845
0.017468
0.204607
0.013994
0.002139
0.899479
0.115758
0.067846
0.261015
0.061413
0.016664
0.579583
0.369516
0.984272
0.573331
0.439299
0.116575
0.330404
1.011239
0.271098
0.164472
0.094513
0.179889
0.079154
0.414523
0.130223
0.033447
0.66273
0.019544
0.693216
0.178948
0.660514
0.269787
0.12816
0.26909
0.109555
0.061932
0.604064
0.352857
0.148753
0.222752
0.550041
0.105887
0.296773
0.586403
0.15014
0.443602
0.841039
0.045551
0.184485
0.165754
0.095324
0.018649
0.361692
0.217388
0.581985
0.253453
0.379205
0.312983
0.399535
0.030446
0.03655
0.008989
0.251141
0.054273
0.273105
0.133734
0.098274
0.057423
0.416689
0.173799
0.269377
0.098283
0.103038
0.199073
0.08538
0.609257
0.246372
0.052461
0.015536
0.050127
0.153108
0.139119
0.158465
0.026141
0.236337
0.017376
0.021276
0.056515
0.080181
0.085446
0.292838
0.245609
0.200766
0.68363
0.198168
0.216664
0.411177
0.155405
0.285825
0.177158
0.34208
0.194776
0.166152
0.718385
0.084719
0.052088
0.033259
0.351336
0.080815
0.161221
1.086438
0.357387
0.147529
0.109486
0.093979
0.096393
0.433013
0.544636
0.426783
0.458817
0.022178
0.119759
0.472712
0.379774
0.109551
0.024682
0.3599
0.047397
0.022669
0.132664
0.134858
0.111805
0.382548
0.032743
0.029486
0.143004
0.186002
0.337386
0.032778
0.951643
0.057044
0.025414
0.036096
0.293523
0.119415
0.125314
0.021447
0.582401
0.429143
0.702776
0.760757
0.110764
0.230076
0.031096
0.222532
0.062083
0.247667
0.033671
0.251266
0.476744
0.162417
0.417963
0.097256
0.261963
1.130624
0.109598
0.163775
0.440492
0.30673
0.203315
0.361135
0.078283
0.103311
0.065158
0.114062
0.195111
0.375927
0.09949
0.024881
0.061048
0.181507
0.304131
0.033735
0.114383
0.121506
0.187995
0.337788
0.402477
0.720787
0.167455
0.270624
0.224853
0.129228
0.036367
0.077384
0.035765
0.428525
0.008897
0.06688
1.790916
0.616017
0.980816
0.63319
0.24524
0.311958
0.236372
0.133708
0.123067
0.428823
1.183445
0.076484
0.395071
0.974568
0.473639
0.063233
0.341731
0.63839
0.175428
0.020866
0.16584
0.132117
0.052779
0.128346
0.167551
0.129532
0.153419
0.148709
0.127738
0.186866
0.06665
0.908425
1.43482
0.14007
0.221408
0.02211
0.012692
0.051036
0.16545
0.426338
0.073587
0.42989
0.019743
0.197615
0.303504
0.069038
0.136463
0.291119
0.075231
0.178535
0.091352
0.24837
0.076005
0.079442
0.363396
0.236291
0.096858
0.151708
0.095204
0.095353
0.247864
0.157337
0.165278
0.455024
0.034737
1.036747
0.419552
0.060822
0.467548
0.339582
0.377511
0.021559
0.183171
0.119423
0.018205
0.789875
0.276948
0.141941
0.14587
0.355622
0.098827
0.19764
0.227802
0.035525
0.199965
0.069615
0.121932
0.025829
1.174584
0.278343
0.145802
0.620222
0.095636
0.189081
0.123807
0.399882
0.169683
0.142751
1.928383
1.026705
0.330303
0.056339
0.469069
0.141678
0.07343
0.082856
0.153205
0.382575
0.31255
0.214413
0.282502
0.156448
0.014289
0.806403
0.077465
0.364409
0.120205
0.565291
0.044101
0.069991
0.024381
0.274025
0.142357
0.310441
0.114409
0.174907
0.857772
0.021452
0.031337
0.057352
0.688229
0.231315
0.032806
0.229078
0.065793
0.075789
0.589528
0.158312
0.19631
0.450742
0.109482
0.034467
1.032906
0.133677
0.185934
0.11837
0.870453
0.286609
0.186155
0.331945
0.195555
0.280989
0.281325
0.308049
0.404636
0.256357
0.245853
0.210448
0.113939
0.33043
0.157326
0.089898
0.781435
0.024845
0.053763
0.094432
0.181463
0.251642
0.395459
0.23902
0.672985
0.755669
0.169183
0.069834
0.144963
0.187897
0.094839
0.061628
0.176814
0.162786
0.425883
0.096584
0.12802
0.607427
0.087826
0.608914
0.40322
0.184794
0.269746
0.05361
0.475635
0.408929
0.784098
0.210438
0.10067
0.13257
1.150643
0.046492
0.063529
0.00927
0.095642
0.097979
0.124676
0.306149
0.059452
0.287126
0.256577
0.222741
0.167364
0.022934
0.213484
0.420434
0.203768
0.069378
0.214743
0.240043
0.245082
0.241535
0.131918
0.12826
0.359335
0.165851
0.180794
0.402917
0.157045
0.088321
0.478395
0.192639
0.080959
0.091977
0.097096
0.078493
0.038497
0.173475
0.147566
0.133428
0.609999
0.55682
1.104484
0.421704
0.095376
0.503354
0.249498
0.044151
0.052271
0.269328
0.23031
0.061262
0.096677
0.034339
0.008296
0.670246
0.288301
0.050782
0.08575
0.089122
0.844104
0.411836
0.316001
0.144857
0.120217
0.024314
0.104534
0.0301
0.447596
0.507662
0.565207
0.444309
0.347667
0.20853
0.157588
0.167671
0.010239
0.148937
0.073461
0.402662
0.344354
0.149107
0.100945
0.137898
0.014637
0.20675
0.108967
0.075781
0.292269
0.022
0.09064
0.070539
0.018392
0.252591
0.224059
0.084959
0.121822
1.768742
0.020398
0.009419
0.15292
0.032961
0.64635
0.324814
0.162946
0.031641
0.749357
0.022425
0.293496
0.288308
0.356917
0.207996
0.794863
0.179666
0.046062
0.084852
0.052093
0.216419
0.554225
0.110147
0.229798
0.168384
0.197987
0.805099
0.381191
0.356949
0.033595
0.05173
0.12453
0.465359
0.332689
0.035372
0.039675
0.354718
0.061784
0.217222
0.047737
0.254772
0.040801
0.116309
0.567707
0.75873
0.179857
0.04131
0.324084
0.914701
0.052951
0.278268
0.174808
0.099975
0.10548
0.023243
0.167904
0.246005
0.07048
0.052097
0.114031
0.477537
0.020986
0.018175
0.266827
0.373789
0.104039
0.270434
0.006738
0.099585
0.052997
0.400296
0.114832
0.161283
0.084238
0.245823
0.379242
0.262458
0.13537
0.047537
0.15409
0.076497
0.299899
0.031699
0.175457
0.122974
0.52633
0.047323
0.216571
0.078613
0.361051
0.116427
0.305432
0.092976
0.324877
0.086486
0.094132
0.66859
0.020066
0.633647
0.041169
0.33104
0.061422
0.245985
0.565285
0.129994
0.433017
0.255355
0.33517
0.331604
0.050335
0.54209
0.977929
0.296948
0.115647
0.662034
0.300434
1.044134
0.101305
0.571664
0.253577
0.067523
0.440525
0.068763
0.444102
0.317886
0.426766
0.343273
0.193834
0.632492
0.036783
0.008694
0.032235
0.52163
0.204141
0.326409
0.111418
0.224972
0.400761
0.301204
0.407437
0.295947
0.237207
0.173739
0.131256
0.466752
0.146713
0.094312
0.852927
0.222979
0.270923
0.149475
0.410538
0.271627
0.303396
0.100727
0.106402
0.072565
0.117449
0.81168
0.061132
0.059591
0.224327
0.024422
0.383476
0.266944
0.2388
0.067747
0.266764
0.181108
0.206663
0.038328
0.429791
0.024502
0.218351
0.463011
0.499491
0.344695
0.74149
0.172224
0.147525
0.157321
0.088239
0.511197
0.040831
0.058001
0.128811
0.074109
0.471452
0.099947
0.022497
1.155587
0.012555
0.331381
0.059281
0.249637
0.080088
0.214759
0.188363
0.025724
0.632005
0.507633
0.26314
0.126102
0.305847
0.058506
0.105623
0.26385
0.299239
0.135208
0.220626
0.705814
0.060516
0.152285
0.671349
0.283997
0.060389
0.086488
0.012563
0.038251
0.567359
0.319773
0.61902
0.031064
0.072585
0.764515
0.096474
0.017913
0.158954
0.020432
0.150508
0.246808
0.084434
0.113676
0.201985
0.271419
0.201218
0.197252
0.262957
0.084977
0.830628
0.02305
0.61496
0.333436
0.124857
0.437614
0.411154
0.298491
0.142806
0.476281
2.018669
0.213251
0.121604
0.633657
0.012433
0.280381
0.252999
0.152356
0.689366
0.099888
0.091806
0.0663
0.200442
0.40399
0.288661
0.153676
0.407273
0.082588
0.043878
0.17631
0.646796
0.131625
0.260685
0.01319
0.099044
0.312244
0.199968
0.674195
0.19358
0.409286
0.264171
0.18955
0.136727
0.329598
0.159736
0.247312
0.177944
0.115113
0.541246
0.246956
0.233785
0.011533
0.033559
0.097219
0.157512
0.263505
0.05548
0.296949
0.591312
0.199536
0.036958
0.562506
0.147341
0.456893
0.147391
0.313827
0.31159
0.132173
0.072815
0.004078
0.080076
0.098479
0.174583
0.080607
0.460689
0.006982
0.094439
0.191179
0.355815
0.194991
0.413111
0.339065
0.454692
0.189048
0.062714
0.306852
0.528416
0.278802
0.654367
0.44516
0.036001
0.030716
0.589146
0.188951
0.103831
0.260611
0.354761
0.313036
0.199371
0.163179
0.76051
0.09778
1.021512
0.337082
0.015611
0.200002
0.126205
0.212385
0.361831
0.07113
0.232971
0.231332
0.08428
0.484418
1.129298
0.086107
0.107635
0.268824
0.233301
1.128956
0.406502
0.135566
0.867116
0.123305
0.13698
0.053995
0.258933
0.512414
0.084099
0.178692
0.030492
0.207909
0.29172
1.449202
0.04013
0.113815
0.0318
0.151726
0.086044
0.40198
0.608466
0.023048
0.602237
0.520953
0.170617
0.024811
0.678755
0.113376
0.104494
0.042705
0.02762
0.477903
0.374592
0.160551
0.073296
0.145933
0.274716
0.248882
0.014532
0.006565
0.123898
0.332952
0.360847
0.100903
0.069937
0.182541
0.297875
0.779866
0.163843
0.530997
0.225744
0.475559
1.006458
0.591007
0.125041
0.309782
0.158136
0.073042
0.354225
0.110067
0.069312
0.228354
0.228412
0.23412
0.050613
0.850249
0.237
0.224482
0.624448
0.055938
0.391451
0.296987
0.048518
0.323672
0.131729
0.007991
0.25065
0.609499
1.319076
0.193509
0.098121
0.071582
0.248887
0.213794
0.127914
0.053398
0.151936
0.191388
0.114485
0.039074
0.454555
0.116374
0.367707
0.321545
0.678323
0.216648
0.044573
1.450781
0.119658
0.552533
0.476728
0.972215
0.070599
0.106634
0.337794
0.785912
0.409841
0.24066
0.303287
0.358234
0.43122
0.166646
0.224917
0.271429
1.440115
0.023474
0.027308
0.06883
0.267537
0.161369
0.2451
0.251554
0.314864
0.113306
0.232101
0.153822
0.231445
0.049438
0.06755
0.132052
0.185197
0.36852
0.460127
0.449539
0.143257
1.184064
1.416734
0.25619
0.131194
0.080899
0.167653
0.167316
0.02467
1.069382
0.120931
0.341162
0.463102
0.521335
0.522964
0.070284
0.305762
0.047266
0.231221
0.302601
0.09997
0.086871
0.081797
0.073143
0.192874
0.27367
0.374355
0.124755
0.444968
0.160044
0.310207
0.521611
0.128428
0.172194
0.05484
0.171867
0.103579
0.148849
0.14814
0.065729
0.296429
0.223152
0.844952
0.116718
0.588603
0.23117
0.054177
0.156753
0.145641
0.037979
0.802742
0.384263
0.584215
0.028249
0.697185
0.13937
0.279898
0.482057
0.340313
1.000922
0.530731
0.413655
0.332835
0.802074
0.202918
0.509883
0.383669
0.00631
0.163111
0.726693
0.012023
0.094621
0.370589
0.157601
0.153762
0.188266
0.044887
0.054245
0.235284
0.120442
0.42297
0.020189
0.333427
0.812485
0.428845
0.057099
0.029025
0.11254
0.168468
0.099312
0.1179
0.235302
0.075176
0.245628
0.13981
0.068792
0.225964
0.407768
0.051714
0.208148
0.249889
0.195355
0.418246
0.703098
0.194673
0.46934
0.492383
0.142477
0.270131
0.176181
0.54915
0.073646
0.260687
0.081064
0.269614
0.139615
0.079357
0.119522
0.005019
0.39905
0.023395
0.124948
0.489823
0.239142
0.433893
0.268714
0.021928
0.154658
0.200813
0.190245
0.138745
0.383863
0.141255
0.251591
0.536652
0.419208
0.695238
0.513659
0.174098
0.223198
0.051762
0.129568
0.126961
0.418272
0.105787
0.202198
0.093354
0.229787
0.089287
0.162828
0.368932
0.500994
0.153605
0.104159
0.006284
0.794725
0.404013
0.56942
0.205107
0.175093
0.199539
0.93767
0.022872
0.093741
0.400511
0.041233
0.106167
0.388049
0.49495
0.006406
0.436499
0.116116
0.126259
0.14355
0.288107
0.092223
0.304527
0.648997
0.021865
0.210788
0.132181
0.02814
0.312358
0.481673
0.166721
0.071196
0.083389
0.074973
0.661091
0.042925
0.218654
0.026546
0.55676
0.106252
0.156687
0.49309
0.337646
0.016226
0.581795
0.143429
0.555496
0.012328
0.313154
0.079319
0.161822
0.663237
0.151724
1.599182
0.229829
0.505144
0.151963
0.538205
0.820078
0.140937
0.27933
0.553733
0.069103
1.16059
0.428255
0.983316
0.341617
0.179969
0.442698
0.14404
0.050799
0.526523
0.020951
0.426473
0.141904
0.330257
0.162127
0.388253
0.175324
0.144262
0.192554
0.62262
0.027211
0.557015
0.081196
0.026986
0.152354
0.261428
0.211929
0.254457
0.079102
0.181925
0.039804
0.329226
0.234654
0.045186
0.086729
0.130822
0.036449
1.446579
0.223265
0.079241
0.15816
0.442581
0.093796
0.155837
0.093858
0.38854
0.045183
0.39392
0.221064
0.260648
0.500691
0.045307
0.131895
0.209266
0.320758
0.132739
0.153756
0.253613
0.161661
0.237845
0.195385
0.223723
0.189672
0.265011
0.314499
0.584115
0.034071
0.632216
0.048226
0.322903
0.590528
0.244095
0.548834
0.249321
0.519735
0.016289
0.036958
0.22124
0.308125
0.022541
0.250061
0.126621
0.537005
0.011969
0.234723
0.616721
0.221078
0.228449
0.128224
0.099709
0.579097
0.032752
0.114647
0.148444
0.081891
0.498671
0.161311
0.215466
0.181376
0.134174
0.087514
0.503409
0.178223
0.098044
0.140388
0.227526
0.040567
0.171153
0.518354
0.431112
0.23947
0.140941
0.074793
0.240902
0.866309
0.004796
0.139661
0.083911
0.362608
0.005438
0.380863
0.334695
0.192125
0.034815
0.100848
0.942379
0.216548
0.052947
0.306318
0.199885
0.179264
0.079782
0.776074
0.488086
0.219105
1.114078
0.086124
0.969165
0.206786
0.093586
0.09804
0.305057
0.175753
0.196371
0.090218
0.393422
0.104699
0.383244
0.430518
0.151663
0.071999
0.09093
0.4135
1.119423
0.297226
0.085483
0.237642
0.553118
0.114136
0.097309
0.473214
0.294077
0.26296
0.140559
0.080858
0.06998
0.166278
0.09584
0.042312
0.375776
0.132282
0.132322
0.062266
0.076558
0.152079
0.038808
0.090237
0.042446
0.185534
0.370579
0.310999
0.721798
0.381124
0.266395
0.084248
0.630025
0.160517
0.401081
0.045661
0.302485
0.712642
0.04452
0.227466
0.255394
0.537498
0.145323
0.148386
0.101422
0.027195
0.012922
0.705037
0.608431
0.759276
0.295821
0.091905
0.054789
0.525719
0.048331
0.639881
0.004428
0.137482
0.128384
0.392132
0.424388
0.384867
0.055963
0.408163
0.252487
0.072174
1.492886
0.081985
0.160155
0.227427
0.302174
0.175444
0.045968
0.249124
0.086884
0.080744
0.097784
1.504655
0.384246
0.131627
0.444841
0.18424
0.133425
0.026931
1.325867
0.247867
0.078174
0.037799
0.255308
0.172108
0.543326
1.007611
0.21823
0.039678
0.105687
0.148217
0.130273
0.166683
0.459522
0.451357
0.214699
0.037311
0.082578
0.323789
0.241547
0.844761
0.412378
0.1154
0.082569
0.287152
0.357672
0.269969
0.450403
1.526267
0.414496
0.090985
0.08719
0.092889
0.405017
0.93251
0.458251
0.139365
0.143879
0.562282
0.316025
0.080372
0.083253
0.560104
0.148906
0.058497
0.308955
0.058958
0.347703
0.108347
0.061324
0.113964
0.95375
0.314965
0.039384
0.16716
0.240752
0.86637
0.085489
0.045155
0.009941
1.144398
0.318131
0.292895
0.422601
0.045445
0.020785
0.124369
0.022398
0.085214
0.081422
0.069826
0.167182
0.01309
0.036405
0.118345
0.033735
0.582833
0.128363
0.044392
0.013903
0.438271
0.307178
0.36436
0.722094
0.013282
0.043425
0.275827
1.006909
0.179702
0.029773
0.051923
0.025893
0.037372
0.119584
0.072999
1.080083
0.290622
0.379781
0.438745
0.08633
0.363931
0.216725
0.157419
0.237536
0.402614
0.45638
0.035113
0.058825
0.621139
0.225891
1.349424
0.973423
0.091465
0.159196
0.681974
1.384399
0.175879
0.176772
0.248135
0.174619
0.142641
0.784134
0.175281
0.038346
0.042084
0.069984
0.081622
0.533429
0.27136
0.517388
0.208171
0.055006
0.082171
0.195414
0.153451
0.033368
0.348239
0.244801
0.10472
0.257893
0.77667
0.105397
0.004608
0.138075
0.214492
0.24516
0.031476
0.150251
0.121491
0.06746
0.265812
1.583766
0.091313
0.04583
0.08897
0.037133
0.280253
0.064825
0.482755
0.038646
0.278342
0.202677
0.103787
0.021794
0.619996
0.386878
0.294899
0.142516
0.137799
0.390474
0.243317
0.743805
0.19355
0.059561
0.355978
0.607197
0.356527
0.246807
0.065772
0.228413
0.566078
0.310334
0.311981
0.330517
0.055679
0.036724
0.347006
0.302902
0.03545
0.27898
0.461259
0.210562
0.178999
0.300522
0.386332
0.290895
0.067913
0.339896
0.083568
0.327321
0.234854
0.323173
0.430539
0.059464
0.373563
0.035182
0.73066
0.436332
0.046572
0.087721
0.534021
0.262806
0.481164
0.078582
0.068224
0.127617
0.161451
0.453201
0.198198
0.178191
0.014414
0.352279
0.162033
0.036932
0.538785
0.205552
0.592892
0.877986
0.211901
1.175465
0.155315
0.019134
0.208968
0.020568
0.110659
0.187358
0.22693
0.296238
0.046915
0.245407
0.393616
0.251759
0.248214
0.343386
0.122313
1.126083
0.267804
0.181225
0.479462
0.311372
0.302294
0.811959
0.260926
0.540431
0.008226
0.382662
0.029229
0.074236
0.124937
0.127259
0.78764
0.115041
0.169574
0.059681
0.130816
0.37303
0.007736
0.211207
0.428624
0.575025
0.137053
0.436533
0.925307
0.066982
0.108905
0.090171
0.044942
1.599991
0.743972
0.352931
0.299774
0.081058
0.214616
0.043807
0.011381
0.076682
0.200956
0.095611
0.137593
0.255619
0.270506
0.344155
0.209697
0.234873
0.044122
0.408402
0.119817
0.048951
0.269066
0.04093
0.04355
0.071524
0.016088
0.842748
0.133005
1.426732
0.171524
0.572221
0.15879
0.306221
0.108139
0.256537
0.109998
0.561738
0.333468
0.308548
0.59161
0.074335
0.055494
0.363156
1.113765
0.036519
0.05418
0.188803
0.372801
0.057261
0.254936
0.100623
0.112215
0.08403
0.097719
0.233679
0.180753
0.093457
0.065157
0.11401
0.163399
0.058414
0.08962
0.017089
0.137768
0.306582
0.579688
0.38253
0.491286
0.304921
0.216291
0.06808
0.153549
0.167809
0.169913
0.037369
0.171358
1.213086
0.232682
0.470732
0.244151
0.671337
0.044552
0.179691
0.216935
0.039471
0.079052
0.407538
0.415536
0.106621
0.696628
0.302
0.025039
0.021222
0.039705
0.717391
0.836
0.413681
0.242651
0.207721
0.040546
0.124301
0.224756
0.115256
0.524017
0.096182
0.381675
0.163825
0.082797
0.203146
0.170822
0.306756
0.151406
0.523019
0.055913
0.160774
0.014886
0.107542
0.175412
0.100365
0.012951
0.114888
0.224557
0.026617
0.052448
0.460601
0.355142
0.064955
0.034068
0.298127
0.471027
0.091377
0.232168
0.211502
0.497606
0.230321
0.023491
0.051482
0.530806
0.131635
0.105229
0.323717
0.388725
0.0849
0.200947
0.65514
0.245518
0.546342
0.405009
0.145185
0.058783
0.663337
0.361739
0.212183
0.204813
0.277377
0.092273
0.353886
0.224764
0.461688
0.460954
0.290431
0.07785
0.052061
0.45011
0.065512
0.452274
0.662181
0.071168
0.162775
0.213919
0.202771
0.213783
0.119455
0.056697
0.035801
0.27857
0.554319
0.250315
0.465105
0.323212
0.067365
0.044875
0.168431
0.335716
0.049496
0.050523
0.18797
0.569502
0.527416
0.080135
0.370772
0.023122
0.123442
0.280735
0.019977
0.100253
0.061347
0.1141
0.021477
0.628438
0.414506
0.062417
0.598417
0.087152
0.25779
0.528159
0.349796
0.02034
0.878132
0.181693
0.045806
0.386106
0.093539
0.118667
0.005081
0.111684
0.716842
0.321748
0.149671
0.072314
0.038236
0.307374
0.283457
0.105661
0.20722
0.211549
0.000669
0.070207
0.275187
0.832022
0.2648
0.028212
0.12175
0.064286
0.159736
1.00418
0.446992
0.343347
0.075759
0.541052
0.498365
0.012727
0.738234
0.389023
0.023604
0.978109
0.337225
0.53433
0.449909
0.097712
0.277389
0.064091
0.019904
0.121968
0.018293
0.077504
0.977566
0.194953
0.28965
0.235606
0.352613
0.076452
0.563488
0.144111
0.189935
0.240641
0.079319
0.073831
0.0529
0.049614
0.054671
0.031076
0.423366
0.229105
0.104782
0.099076
0.101165
0.14093
0.064927
0.052139
0.081753
0.27891
0.163709
0.551102
0.351827
0.086303
0.299999
0.155585
0.536113
0.477031
0.172977
0.436656
0.053206
0.055429
0.586693
0.055322
0.128744
0.095644
0.1177
0.098374
0.251965
0.57402
0.059874
0.200205
0.928379
0.258046
0.118424
0.209455
0.457672
0.171325
0.197948
0.023532
0.341464
0.022516
0.599825
0.642282
0.603212
0.065574
0.417927
0.12484
0.07522
0.075456
0.106488
0.067982
0.175759
0.426519
0.198114
0.051184
0.13368
0.11829
0.014563
0.401299
0.126359
0.577037
0.060291
0.135206
0.385738
0.135585
0.343498
0.051669
0.391089
0.253166
0.075858
0.14936
0.104945
0.130654
0.101573
0.416291
0.528095
0.094638
0.220083
0.153091
0.031932
0.08229
0.182043
1.197437
0.500431
0.556849
0.521966
0.134833
0.039025
0.115152
0.517141
0.480306
0.8557
0.160012
0.306252
0.310705
0.076144
0.204299
0.268078
0.310252
0.130119
0.142983
0.318226
0.091443
0.368826
0.06654
0.059856
0.048446
0.359908
0.175709
1.400078
0.021592
0.199705
0.531137
0.286701
0.165274
0.047963
0.184034
0.208199
0.112527
0.358755
0.27262
0.033641
0.127609
0.360496
0.140184
0.223078
0.048229
0.040097
0.120534
0.209182
0.048318
0.014119
0.420131
0.129054
0.261689
0.106199
0.294957
0.177301
0.344857
1.120529
0.283817
0.257699
0.230936
0.192421
0.086156
0.265039
0.787385
0.171611
0.116144
0.417318
0.006428
0.100109
0.223639
0.147946
0.525135
0.229149
0.399779
0.330012
0.026471
0.218803
0.242541
0.308958
0.057242
0.093795
0.347906
0.154815
0.438631
0.04008
0.270176
0.106105
0.770591
0.286446
0.233025
0.214938
0.007316
0.117897
0.019351
0.066226
0.368542
0.138443
0.234322
0.140975
0.218661
0.307407
0.837348
0.516636
0.054875
0.075558
0.259876
0.220487
0.447293
1.109613
0.532946
0.040327
0.274978
0.029569
0.339144
0.215666
0.135588
0.053123
0.233889
0.438955
0.210504
0.537587
0.129627
0.053546
0.345384
0.675332
0.281028
0.143471
0.250532
1.057819
0.110733
0.037344
0.068167
0.557524
0.308428
0.284428
0.257451
0.272169
0.499924
0.065658
0.040146
0.024964
0.058615
0.057057
0.100166
0.416535
0.038268
0.669407
0.187197
0.536513
0.923187
0.129011
0.349851
1.488113
0.47603
0.186443
0.277712
0.189706
0.111978
0.350613
0.09044
0.077836
0.124876
0.207213
0.331921
0.102327
0.054449
1.197767
0.182659
0.591396
0.283162
0.819466
0.191538
0.388939
0.748353
0.309547
0.118145
0.48947
0.054992
0.034374
0.004564
0.118193
0.567431
0.209624
0.166284
0.279836
0.14841
0.389463
0.058701
0.169499
0.26491
0.024631
0.131871
0.407627
0.87911
0.116163
0.150554
0.116264
0.064561
1.053471
0.350928
0.351624
0.096625
0.419891
0.173892
0.223643
0.127122
0.058978
0.197593
0.164237
0.232864
0.258807
0.146645
0.093557
0.480934
0.047004
0.267813
1.43413
0.314198
0.030993
0.01031
0.286629
0.053759
0.245549
0.404727
0.13676
0.243999
0.040902
0.19173
0.263604
0.046125
0.122731
0.335795
0.54583
0.281866
0.036901
0.279906
0.022206
0.146279
0.338166
0.273791
0.07169
0.636192
0.163854
0.103405
0.792367
0.058342
0.143954
0.555762
0.296647
0.153454
0.314753
0.045783
0.015173
0.071845
0.124153
0.629694
0.174316
0.225749
0.467903
0.280243
0.467713
0.440033
0.280187
0.738352
0.070181
0.045461
0.107625
0.370656
0.088299
0.282258
0.25671
0.045524
0.164072
0.275921
0.502085
0.288041
0.073582
0.136107
0.030478
0.234897
0.76887
0.735856
0.091144
0.146265
0.50454
0.428946
0.205988
0.136289
0.361718
0.479888
0.137222
0.065155
0.090308
0.278541
0.037803
0.117428
0.260561
0.259403
0.476742
0.045232
0.873771
0.154166
0.154014
0.308935
0.118814
0.404606
0.183033
0.293205
0.326214
0.130013
0.120462
0.189473
0.057742
0.322971
0.227705
0.239029
0.070916
0.351233
0.060072
0.109973
0.364488
0.361473
0.220044
0.218602
0.110322
0.197409
0.095333
0.116021
0.195563
0.279466
0.057861
0.266425
0.084542
0.062496
0.088167
0.111108
1.185692
0.214373
0.311922
0.312271
0.380545
0.113493
0.373589
0.167292
0.039375
0.313949
0.745222
0.184469
0.33827
0.116376
0.189482
0.042684
0.145958
0.098327
0.202193
0.1956
0.10253
0.163868
0.126843
0.892177
0.202044
0.331137
0.264603
0.023987
0.00991
0.094486
0.65602
0.487438
0.656882
0.093596
0.056072
0.540257
0.379723
0.1196
0.101768
0.205799
0.048024
0.220799
0.140183
0.246059
0.224764
0.235521
0.00808
0.382056
0.075327
0.217926
0.156345
0.048275
0.187895
0.016024
0.02696
0.040104
0.036069
0.821938
0.37388
0.239894
0.049187
0.093587
0.137632
0.281303
0.577919
0.675182
0.181232
0.237027
0.031998
0.417857
0.231243
0.242378
0.434475
0.690773
0.343176
0.283492
0.064228
0.379381
0.268403
0.022304
0.188422
0.076034
0.853272
0.205886
0.462321
0.026771
0.176726
0.406372
0.308389
0.347641
0.017995
0.030372
0.37881
0.289097
0.038016
0.418401
0.110154
0.129199
1.135631
0.242793
0.248241
0.806927
0.22333
0.481417
0.399703
0.258456
0.569568
0.373548
0.375794
0.054931
0.107409
0.152504
0.409675
0.517403
0.095335
0.082113
0.03146
0.186275
0.149343
0.311042
0.273192
0.489378
0.281928
0.002985
0.318863
0.407578
0.701654
0.875001
0.49485
0.179834
0.103618
0.202104
0.431791
0.214355
0.673613
0.181387
0.193742
0.087624
0.1269
0.185696
0.08669
0.094271
0.383752
0.320853
0.399278
0.204568
0.104698
0.274833
0.259667
0.49954
0.164366
0.132674
0.345731
0.161743
0.262875
0.143484
0.105274
0.280414
0.057183
0.295313
0.233538
0.076877
0.025272
0.034035
0.218388
0.382516
0.338358
0.498802
0.088604
0.362949
0.170201
0.088535
0.246953
0.215361
0.184328
0.197217
0.317479
0.618319
0.19853
0.081598
0.181558
0.254874
0.424872
0.004725
0.172273
0.534863
0.071692
0.143439
0.123264
0.06318
0.066733
0.558348
0.071722
0.030082
0.516785
0.161031
0.658062
0.22995
0.201343
0.723757
0.168517
0.807297
0.436367
0.306038
0.174781
0.440077
0.041925
0.215896
0.113545
0.208751
0.275033
0.505557
0.021838
0.105817
0.126393
0.01463
0.057701
0.030082
0.159313
0.393442
0.446617
0.132007
0.49682
0.037816
0.107205
0.861899
0.037773
0.046463
0.358558
0.316204
0.11308
0.409382
0.162822
0.050172
0.177503
0.149221
0.363901
0.026066
0.219442
0.055926
0.777152
0.332697
0.062732
0.235689
0.342974
0.331173
0.171489
0.434231
0.216525
0.195996
0.044967
0.498379
0.163367
0.11891
0.287528
0.062088
0.446261
0.052782
0.192963
0.168909
0.750347
0.286654
0.29247
0.082421
0.120182
0.214686
0.00745
0.385765
0.192637
0.610292
0.073687
0.476122
0.205742
0.986627
0.361918
0.472256
0.520732
0.013801
0.058232
0.06425
0.418468
0.194005
0.019534
0.53397
0.264911
0.213783
0.044317
0.026463
0.243772
0.647198
0.257897
0.092229
0.287689
0.278075
0.525255
0.258224
0.036848
0.0486
0.001895
0.2219
0.218869
0.232823
0.335195
1.167058
0.02982
0.459615
0.29935
0.109339
0.090699
0.548073
0.063143
0.173263
0.10664
0.716744
0.351842
0.157835
0.402435
0.506462
0.139278
0.094566
0.055155
0.355294
0.097714
0.234263
0.149474
0.500449
0.205482
0.276987
0.287327
0.106584
0.077593
0.25956
0.666833
0.43387
0.124351
0.329961
0.448067
0.231503
0.330105
0.131995
0.570271
0.305292
0.073134
0.177483
0.151591
0.170338
