0.061896
0.101014
0.512837
0.130761
0.317098
0.260272
0.020641
0.378646
0.019014
0.055282
0.103795
0.158391
0.198859
0.358214
0.186644
0.203178
0.040545
0.516132
0.45577
0.516335
0.123041
0.26398
0.159678
0.137063
0.042279
0.020739
0.125864
0.208287
0.046315
0.165177
0.146642
0.123245
0.555661
0.034518
0.361332
0.236364
0.032255
0.273355
0.1619
0.140217
0.263981
0.252368
0.230199
0.451404
0.283451
0.425228
0.123688
0.850218
0.165637
0.224267
0.360749
0.01135
0.3422
0.094614
0.293809
0.083143
0.030011
0.275644
0.43026
0.423331
0.386608
0.148194
0.20803
0.112358
0.199357
0.572128
0.363054
0.55897
0.356133
0.200483
0.296483
0.055545
0.201778
0.116734
0.07172
0.118031
0.529683
0.168459
0.139817
0.111022
0.136255
0.370762
0.138777
0.172625
0.243607
0.439281
0.187475
0.270927
0.639524
0.5736
0.164856
0.053685
0.526321
0.432492
0.112219
0.104179
0.479363
0.257451
0.458176
0.061421
0.74256
0.162037
0.262541
0.070667
0.644069
0.270767
0.481224
0.626579
0.266031
0.280387
0.385197
0.115138
0.083583
0.28387
0.187509
0.017541
0.071848
0.090515
0.199214
0.219333
0.863609
0.15329
0.867592
0.535993
0.211116
0.150443
0.214184
0.348011
0.728523
0.251744
0.071677
0.113197
0.140653
0.098429
0.433655
0.442341
0.175391
0.184243
0.095148
0.212838
0.010278
0.095072
0.054429
0.016579
0.222352
0.269375
0.235542
0.589149
0.020631
0.025732
0.020606
0.167115
0.192917
0.230214
0.127681
0.574715
0.196586
0.345263
0.133419
0.195467
0.377312
0.985556
1.095091
1.142364
0.059461
0.265702
0.014478
0.1158
0.099219
0.293802
0.063655
0.043189
0.118587
0.095286
0.670064
0.47607
0.269284
0.385731
0.4554
0.836091
0.097634
0.142072
0.04734
0.135985
0.086869
0.079003
0.036041
0.066218
0.095435
0.168743
0.154514
0.097413
0.163791
0.26671
0.051035
0.096763
0.266031
0.537182
0.482002
0.905141
0.167802
0.19266
0.386158
0.031611
0.410072
0.385295
0.168121
0.169649
0.594417
0.29484
0.081441
0.18444
0.43122
0.040286
0.137521
0.170676
0.048938
0.095746
0.400514
1.186518
0.439392
1.322238
0.045597
0.013103
0.446821
0.407807
0.201729
0.319509
0.449447
0.005856
0.254042
0.831853
0.141678
0.493433
0.051205
0.203516
0.213253
0.391252
0.273151
0.105744
0.08915
0.228895
0.114087
0.09472
0.1479
0.089137
0.134002
0.467746
0.064016
0.11299
0.09684
0.135935
0.119431
0.334879
1.097309
0.112653
0.41335
0.619173
0.212902
1.818744
0.219128
0.395657
0.304804
0.35969
0.35369
0.11602
0.29158
0.138991
0.048454
0.232082
0.074018
0.035622
0.119578
0.012273
0.030566
0.095172
0.71284
0.493922
0.258766
0.579208
0.064268
0.383881
0.239414
0.037622
0.363307
0.020782
0.112814
0.496109
0.146064
0.201052
0.173066
1.082253
0.061427
0.157746
0.318293
0.242692
0.217552
0.440178
0.278299
0.023333
0.15492
0.34215
0.125021
0.245794
0.424823
0.497854
0.0811
0.287452
0.237745
0.374343
0.129062
0.11303
0.162378
0.330603
0.121872
0.148844
0.092944
0.082722
0.092038
0.205805
0.456512
0.841848
0.532074
0.077073
0.20484
0.182612
0.31108
0.184549
0.267218
0.425667
0.203096
0.72147
0.368671
0.082252
0.145394
0.176989
0.030201
0.541345
0.014133
0.181358
0.765677
0.450188
0.03488
0.096376
0.406554
0.078818
0.082305
1.902819
0.284484
0.242148
0.037933
0.010532
0.201925
0.420573
0.179214
1.804888
0.299837
0.56768
0.685672
0.115949
0.011596
0.425862
0.296824
0.068337
0.24348
0.020675
0.168059
0.39883
0.450732
0.249611
0.154129
0.173582
1.032954
0.559895
1.097084
0.077563
0.219684
0.162365
0.189787
0.17416
0.023404
0.434629
0.081458
0.246434
0.501727
0.346644
0.118457
0.058509
0.226868
0.073256
0.016058
0.037332
0.309096
0.248843
0.251025
0.229339
0.164304
0.08486
0.3465
0.536916
0.23791
0.008874
0.19491
0.076832
0.015544
0.257326
0.373582
0.299758
0.3595
0.263713
0.440123
0.053272
0.22058
0.450067
0.259442
0.169571
0.040032
0.947414
0.160986
0.105173
0.15209
0.069516
0.224619
0.251346
0.069581
0.073081
0.063175
0.372205
0.185166
0.120147
0.059383
0.052232
0.08564
0.001564
0.428082
0.204072
0.190754
0.081079
0.548054
0.517492
0.095217
0.476531
0.10309
0.259248
0.193085
0.207924
0.110902
0.062704
0.044316
0.209614
0.118764
0.102613
0.279592
0.003323
0.520222
0.813376
0.132103
0.113821
0.079515
0.097562
0.089892
0.186519
0.248991
0.025603
0.157499
0.147396
1.331454
1.220971
0.00664
0.617912
0.089997
0.075867
0.12348
0.059952
0.119625
0.308622
0.325607
0.447321
0.280173
0.009076
0.261709
0.226283
0.535607
0.26052
0.043106
0.270773
0.130182
0.447685
0.307158
0.164214
0.117955
0.367307
1.089866
0.036772
0.371635
0.739456
0.03564
0.12332
0.005834
0.04519
0.196427
0.13869
0.54699
0.27166
0.039938
0.013789
0.061657
0.17507
0.561666
0.047957
0.707688
0.108759
0.1089
0.650724
0.835002
0.152375
0.301875
0.204604
0.196111
0.256275
0.050488
0.075295
0.169822
0.074304
0.183734
0.365547
0.179751
0.438867
0.068612
0.201344
0.479286
0.307731
0.610342
0.391927
0.060092
0.050196
0.066194
0.344136
0.249922
0.31945
0.535928
0.614599
0.435202
0.303981
0.047476
0.014091
0.259732
0.049398
0.49301
0.130938
0.072856
0.195425
0.122031
0.345406
0.185161
0.520772
0.036649
0.017169
0.053283
0.389853
0.356787
0.168647
0.053833
1.815514
0.166562
0.065456
0.146443
0.876051
0.139105
0.106108
0.010704
0.721485
0.437431
0.583115
0.155474
0.252023
0.106173
0.090957
0.903076
0.177281
0.335666
0.627927
0.068955
0.563472
0.064846
0.137606
0.302375
0.068023
0.550758
0.17161
0.278041
0.453628
0.300732
0.339328
0.10824
0.327501
0.043234
0.34012
0.073371
0.193478
0.884372
0.215613
0.248793
0.472907
0.091541
0.140728
0.006581
0.184705
0.214651
0.265056
0.137255
0.128072
0.110922
0.13847
0.587375
0.12212
0.487181
0.511242
0.077941
0.142381
0.073608
0.605633
1.150422
0.007418
0.119909
0.150951
0.238752
0.532167
0.226794
0.006636
0.758663
0.957135
0.466164
0.260508
0.477427
0.035418
0.046269
0.005394
0.016925
0.381182
0.321213
0.358112
0.337679
0.175152
0.112612
0.237742
0.413729
0.111469
0.286668
0.310532
0.156687
0.348732
0.028989
0.01273
0.055596
0.116763
0.597122
0.028814
0.080271
0.184022
0.078178
0.186135
0.212947
0.198423
0.287396
0.311652
0.247455
0.269639
0.184629
0.322936
0.589369
0.180921
0.044381
0.044885
0.43095
0.46126
0.68376
0.094641
0.523363
0.090767
0.02861
0.022304
0.282948
0.20449
0.148604
0.012496
0.281382
0.177507
0.168246
0.358449
0.011005
0.675807
0.253793
0.946135
0.109828
0.323441
0.010861
0.337869
0.060385
0.045843
0.25956
0.087364
0.097777
0.192496
0.317397
0.302877
0.066686
0.31308
0.17836
0.020499
0.325774
0.003096
0.425107
0.327621
0.040643
0.144494
0.14344
0.094417
0.043646
0.204549
0.173672
0.402856
0.282675
0.754132
0.059798
0.310579
0.097518
0.185062
0.477999
0.393126
0.522477
0.203077
0.874649
0.037571
0.036398
0.407784
0.384195
0.535135
0.011048
0.564259
0.062875
0.399959
0.096018
0.315987
0.188018
0.130836
0.220243
0.024993
0.070794
0.074603
0.158486
0.253079
0.258489
0.122845
1.279015
0.162101
0.040724
0.114096
0.167147
0.097554
0.096643
0.092558
0.219605
0.31997
0.367133
0.027434
0.348659
0.565655
0.523096
0.313881
0.084259
0.269275
0.165689
0.4393
0.573282
0.305311
0.221536
0.645369
0.109341
0.359551
0.300925
0.143352
0.138128
0.151913
0.431346
0.246418
0.080221
0.06637
0.032748
0.262765
0.336545
0.509009
0.102871
0.454113
0.105652
0.182397
0.144505
0.075191
0.619147
0.373931
0.076988
0.209231
0.410293
0.064976
0.084633
0.720505
0.588073
0.022034
0.04553
0.048706
0.261941
0.300024
0.10672
0.598976
0.064428
0.442065
0.79106
0.105771
0.331364
0.037514
0.016009
0.096535
0.37665
0.40362
1.062738
0.26409
0.039103
0.429767
0.04593
0.210866
0.142283
0.034814
0.128389
0.574381
0.266936
0.624843
0.277794
0.108862
0.684114
0.423085
0.034407
0.979535
0.176613
0.640593
0.276857
0.199657
0.329392
0.205546
0.038725
0.140386
0.417985
0.432169
0.244775
0.232559
0.50196
0.504336
0.38825
0.0737
0.16852
0.056553
0.08296
0.219071
0.199574
0.210793
0.560855
1.548602
1.248424
0.290332
0.26642
0.482776
0.06042
0.106844
0.095054
0.244878
0.107142
0.448007
0.359059
0.381167
1.817199
0.080919
0.611913
0.184435
0.039231
0.177707
0.208755
0.039628
0.201129
0.047693
0.218384
0.187745
0.293464
0.074449
0.100691
0.427497
0.429589
0.103085
0.290765
0.066583
0.038816
0.005601
0.240274
0.086492
0.271618
0.46472
0.653483
0.008484
0.262968
0.216551
0.329632
0.369091
0.118956
0.170543
0.161598
0.452121
0.362789
0.064727
0.458741
0.065289
0.552556
0.049605
0.123813
0.236593
0.247083
0.775363
0.53171
0.085902
0.932885
0.210797
0.510834
0.957223
0.12873
0.073762
0.280723
0.035269
0.242566
0.335208
0.361356
1.125813
0.807778
0.267811
0.195627
0.323168
0.119392
0.171691
0.486835
0.044047
0.120704
0.024175
0.094747
0.103657
0.044334
0.268186
0.933619
0.279168
0.292821
0.298955
0.134481
0.144531
0.074288
0.157558
0.027699
0.059078
0.227226
0.633682
0.471295
0.477859
0.044894
0.392355
0.138905
0.033725
0.059876
0.483378
0.446668
0.122356
0.357126
0.255049
0.168032
0.1682
0.281415
0.497235
0.613322
0.129018
0.368544
0.176058
0.140574
0.099963
0.084884
0.559536
0.120419
1.071693
0.032838
0.593901
0.086988
0.048156
0.145368
0.338879
0.116892
0.42938
0.024646
0.154743
0.236006
0.147736
0.215964
0.197549
0.246246
0.094115
0.103331
0.315409
1.069262
0.21811
0.295985
0.124471
0.496137
0.190294
0.159384
0.958567
0.008766
0.157674
0.069117
0.195115
1.427478
0.261421
0.523946
0.457186
0.603762
0.39442
0.302076
0.041837
0.090575
0.50384
0.195339
0.104455
0.068022
0.30261
0.125081
0.175454
0.621264
0.214551
0.493771
0.150722
0.318429
0.267078
0.06972
0.063149
0.10773
0.481357
0.004247
0.370307
0.244703
0.42324
0.756643
0.173491
0.317887
0.00546
0.144851
0.446152
0.100255
0.341176
0.171309
0.576611
0.464566
0.335732
0.382713
0.329987
0.769225
1.029431
0.116969
0.48982
0.123325
0.612867
0.472236
0.172572
0.151555
0.400973
1.102801
0.177566
0.035946
0.44217
0.19295
0.147663
0.231982
0.117665
0.121144
0.099289
0.46132
0.109086
0.25046
0.136455
0.030052
0.232725
0.722042
0.172306
0.197893
0.026127
0.087441
0.607803
0.994331
0.154484
0.826608
0.268048
0.13211
0.227355
0.653736
0.410039
0.355279
0.408145
0.416378
0.181632
0.378833
0.308591
0.43023
0.868341
0.537262
0.093563
0.054804
0.273554
0.204494
0.081463
0.822542
0.031518
1.104566
0.06194
0.146634
0.105762
0.574508
0.023446
1.930305
0.22358
0.338835
0.144545
0.105792
0.39945
0.118033
0.598462
0.221067
0.072733
0.441645
0.036283
0.35781
0.205076
0.03939
0.382626
0.187509
0.067757
0.107412
0.517752
0.739727
1.644451
0.10259
0.160873
0.609595
0.040581
0.438577
0.536933
0.281697
0.041427
0.22739
0.439162
0.161151
0.098434
0.477952
0.255029
0.073559
0.291411
0.436412
0.300152
0.711835
0.085254
0.210544
0.19617
0.082413
0.238026
0.079066
0.292004
0.580695
0.301442
0.027551
0.78423
0.262963
0.027875
0.052545
0.222846
0.509104
0.026704
0.237567
0.617519
0.281776
0.863271
0.262141
0.210299
0.072263
0.101693
0.078876
0.36906
0.100991
0.064713
0.922871
0.046339
0.106671
0.057683
0.239408
0.184525
0.384982
0.507501
0.412267
0.307304
0.057664
0.289539
0.028937
0.222777
0.215622
0.103715
0.525846
0.340935
0.186677
0.449121
0.200211
0.01288
0.230631
0.249771
0.217913
0.290865
0.120462
0.129305
0.452354
0.112905
0.380712
0.072637
0.300565
0.254771
0.300486
0.054863
0.105739
0.892736
0.237726
0.08568
0.210862
0.23314
0.614199
0.607006
0.13727
0.255817
0.222722
0.126055
0.072974
0.351915
0.151658
0.036601
0.450746
0.230465
0.037918
0.256808
0.094137
0.284252
0.31613
0.821673
0.065569
0.959211
0.062729
0.770626
0.036366
0.174637
0.620451
0.067591
0.091862
1.146324
0.182357
0.040687
0.081315
0.255859
0.814889
0.24262
0.541654
0.432264
0.66925
0.565296
0.707186
0.248236
0.19689
0.374832
0.098918
0.232302
0.239466
0.013667
0.451164
0.584336
0.272199
0.028867
0.376947
0.029549
0.189824
0.255055
0.072703
0.879381
0.247156
0.16232
0.02307
0.011057
0.120528
0.279366
0.049532
0.073364
0.537785
0.106106
0.227849
0.157841
0.136957
0.034996
0.018897
0.446746
0.114794
0.125209
0.222179
0.185713
0.195007
0.064964
0.084718
0.225407
0.305844
0.367915
0.21141
0.104911
0.76966
0.158968
0.087318
0.044454
0.157676
0.44567
0.228878
0.073497
0.105628
0.129499
0.354816
0.118519
0.26107
0.057639
0.52729
0.358278
0.009253
0.274791
0.32865
0.188315
0.265633
0.171367
0.808518
0.215383
0.293958
0.05493
0.113097
0.317847
0.313895
0.534558
1.069892
0.194982
0.212592
0.334664
0.589872
0.261206
0.077057
0.170061
0.076584
0.083158
0.208561
0.574382
0.170392
0.348774
0.227912
0.322471
0.397004
0.384038
0.182169
0.916372
0.360082
0.236861
0.30152
0.201137
0.013155
0.085952
0.391062
0.249903
0.054695
1.319422
0.607308
0.040802
0.063008
0.421543
0.204849
0.080577
0.014511
0.240326
0.07903
0.050888
0.486635
0.066799
0.432078
0.141466
0.202064
0.032511
0.225925
0.497609
0.118398
0.0344
0.338937
0.188281
0.414063
1.195734
0.135581
0.135101
0.080212
0.238462
0.083548
0.024257
0.331069
0.424834
0.343734
0.037078
0.271575
0.302174
0.336064
0.338009
0.109334
0.45331
0.372159
0.283814
0.320666
0.336632
0.535541
0.268124
0.236517
0.22789
0.300994
0.173119
0.086781
0.105716
0.477119
0.102383
0.39593
0.156805
0.192311
0.205143
0.152972
0.465344
0.024207
0.068299
0.130281
0.200967
0.120279
0.048295
0.312467
0.153398
0.057657
0.414642
0.274833
0.028146
0.088889
0.443421
0.028088
0.072705
0.025548
0.414861
0.476316
0.131018
0.058006
0.316142
0.376879
1.176423
0.183676
0.11873
0.034238
0.854209
0.004041
0.193368
0.078504
0.471138
0.194453
0.796944
0.422301
0.176809
0.100608
0.42353
0.083717
0.167513
0.220921
0.157657
0.090316
0.046679
0.207011
0.16178
0.223395
0.066391
0.14142
0.218738
0.124429
1.150377
0.044883
0.65128
0.62956
0.07169
0.835321
0.015867
0.234111
0.08201
0.292037
0.005066
0.018804
0.073046
0.079708
0.154169
0.06264
0.135258
0.209593
0.231918
0.065486
0.054714
0.119281
0.166705
0.10354
0.851891
0.091926
0.318413
0.121999
0.217926
0.37626
0.788712
0.128063
0.921041
0.156071
0.360079
0.589147
0.083791
0.975584
0.060493
0.090644
0.126648
0.077443
0.521327
0.146506
0.122766
0.044764
0.026659
0.438472
0.056881
0.121054
0.330841
0.008571
0.050418
0.068712
0.020092
0.266966
0.788254
1.611242
0.661564
1.074255
0.533254
0.241752
0.150361
0.142466
0.252507
0.324463
0.030982
0.501999
0.015632
0.153774
0.146599
0.084335
0.153067
0.201201
0.513054
0.12554
0.037634
0.433586
0.419088
0.111193
0.059528
0.052388
0.225515
0.029409
0.057752
0.100385
0.874835
0.134593
0.118848
0.154242
0.35529
0.187779
0.225617
0.406459
0.080865
0.143762
0.184187
0.315897
0.276949
0.139377
0.319498
1.01592
0.549445
0.468506
0.540629
0.059724
0.055849
0.088147
0.068573
0.100107
0.278374
0.201345
0.066744
0.028583
0.283559
0.067846
0.288059
0.031666
0.014132
0.044691
0.043493
0.809316
0.409429
0.174804
0.330157
0.407362
0.061317
0.100438
0.091815
0.059694
0.598104
0.396142
0.065207
0.238193
0.094782
0.80409
0.319938
0.104965
0.182587
0.391174
0.135891
0.127256
0.017246
0.185272
0.325703
0.246081
0.051421
0.055108
0.226689
0.067775
0.161653
0.442073
0.1858
0.148805
0.620719
0.102264
0.275592
0.55721
0.9168
0.166185
0.074376
0.099393
0.029525
0.102207
0.107036
0.308574
0.445878
0.604133
0.08502
0.386214
0.462689
0.22135
0.065883
0.138929
0.096603
0.126294
0.128674
0.579491
0.104904
0.180734
0.598359
0.275511
0.226243
0.103867
0.66675
0.224044
0.21412
0.193412
0.088593
0.087524
0.202164
0.043606
1.456584
0.041342
0.243684
0.172871
0.097129
1.660665
0.278842
0.084334
0.084004
0.134438
0.273696
0.200051
0.218895
0.11521
0.16244
0.077215
0.179004
0.409501
0.126214
0.120546
0.142345
0.115733
0.098916
0.404677
0.105302
0.193833
0.019387
0.551157
0.15279
0.021173
0.021238
0.533337
0.146107
0.12488
0.212577
0.233294
0.206276
0.266143
0.486412
0.033306
0.517903
0.02948
0.054948
1.567455
0.051531
0.158282
0.869346
0.467638
0.879888
0.104562
0.598788
0.198933
0.070501
0.769154
0.914079
0.082852
0.169027
0.439204
0.246949
0.189723
0.294647
0.256459
0.057098
0.188207
0.243267
0.231028
0.042746
0.295734
0.27569
0.034764
0.08275
0.474577
0.316491
0.200568
0.203743
0.224808
0.299684
0.157616
0.374723
0.141659
0.185331
0.511063
0.177668
0.784211
0.198364
0.604955
0.186642
0.086818
1.584686
0.059359
0.181255
0.05593
0.290645
0.038865
0.212887
0.256594
0.226632
0.126102
0.039985
0.13138
0.097254
0.279218
0.234074
0.604078
0.23349
0.582558
0.72075
0.31243
0.08067
0.070415
1.012028
0.202052
0.077351
0.262927
0.236245
0.731307
0.080478
0.376494
0.414926
0.823426
0.251324
0.170131
0.096749
0.234009
0.76386
0.337269
0.376281
0.208485
0.144244
0.155691
0.126652
0.142685
0.340337
0.035973
0.021682
0.472596
0.467574
0.342807
0.285425
0.035352
0.340554
0.858089
0.0505
0.488982
0.086735
0.067728
0.043927
0.157452
0.349448
0.40186
0.415488
0.136357
0.507395
0.180498
0.02588
0.098347
0.267759
0.197853
1.193639
0.175458
0.088919
0.118729
0.063477
0.160322
0.664324
0.273501
0.440647
0.032373
0.281974
0.098009
0.183685
0.597905
0.851724
0.234039
0.216632
0.220062
0.409691
0.081602
0.211743
0.016248
0.049623
0.028589
0.080724
0.091643
0.02308
0.213002
0.040112
0.374321
0.265226
0.240222
0.044254
0.551745
0.173467
0.548414
0.151799
0.056058
0.146138
0.432687
0.579735
0.051802
0.139256
0.341372
0.271839
0.007514
0.156753
0.205441
0.079696
0.431586
0.283478
0.125017
0.132533
0.33882
0.508632
0.128395
0.48744
0.219801
0.098244
0.036399
0.431696
0.628998
0.529464
0.125512
0.394432
0.165496
0.385969
0.2067
0.086064
0.422479
0.044389
0.033247
0.015603
0.049677
0.212581
0.181042
0.042418
0.622943
0.32444
0.408445
0.079759
0.326689
0.523467
0.162346
0.092539
0.086823
0.620004
0.177665
0.155416
0.315319
0.351312
0.01667
0.355942
0.452238
0.299381
0.450788
0.056023
0.095094
0.127233
1.169306
0.090244
0.41065
0.140725
0.195906
0.116805
0.108926
0.182237
0.188174
0.120503
0.259347
0.341256
0.124774
0.297512
0.09684
0.016212
0.240133
1.106125
0.282275
0.25108
0.191206
0.147142
0.325337
0.073752
0.193489
0.27933
0.072514
0.016199
0.034039
0.789678
0.104355
0.442469
0.502495
0.064547
0.119941
0.516883
0.169191
0.118761
0.256117
0.075248
0.086671
0.158992
0.211377
0.387364
0.027726
0.150601
0.18876
0.121352
0.110308
0.192455
0.552952
0.102946
0.402717
0.062293
0.708809
0.238563
0.566363
0.055412
0.212716
0.017723
0.253395
0.331167
0.14218
0.069354
0.101619
0.007196
0.08977
0.040333
0.019271
0.234136
0.247149
0.445772
0.037451
0.014865
0.033147
0.090962
0.14636
0.05071
0.05577
0.492732
0.140804
0.083601
0.126459
0.423355
0.036026
0.175011
0.157159
0.03066
0.108988
0.645855
0.141993
0.362454
0.203498
0.127384
0.140006
0.07629
0.098652
0.310594
0.708867
0.32585
0.039316
0.093308
0.31073
0.061687
0.140713
0.068538
0.282213
0.10737
0.600246
0.058464
0.268529
0.278893
0.228488
0.251289
1.138516
0.072362
0.293915
0.227646
0.152798
0.00917
0.424516
0.338966
0.178293
0.135653
0.240005
0.382521
0.10808
0.127089
0.014883
0.208107
0.089659
0.185009
0.107569
0.263633
0.015084
0.100993
1.528671
0.461076
0.342789
0.333255
0.671089
0.44211
0.097987
0.579345
0.054589
0.048449
0.270508
0.160276
0.030889
0.450681
0.023594
0.196931
0.104411
0.484518
0.184833
0.492247
0.296762
0.101177
0.078404
0.544554
0.215964
0.641055
0.207465
0.013435
0.011677
0.40296
0.107309
0.282322
0.044955
0.008507
0.130351
0.208975
0.421422
0.644019
0.128095
0.156217
0.017945
0.045737
0.152234
0.05995
0.351053
0.258477
0.488531
0.470845
0.254641
1.051017
0.018822
0.135515
0.494418
0.68251
0.335201
0.107874
0.081289
0.446014
0.095422
0.157887
0.040733
0.030579
0.302395
0.123553
0.072329
0.185933
0.221945
0.458858
0.215094
1.277636
0.294837
0.784378
0.264724
0.071934
0.626938
0.073714
0.022691
0.115858
0.121556
0.263415
0.092838
0.809969
0.027277
0.446955
0.098401
0.069422
0.386414
0.095402
0.418572
0.064298
0.014732
0.489597
0.094759
0.125328
0.178044
0.031642
0.273575
0.435087
0.114337
0.255333
0.08593
0.128737
0.605219
0.287095
0.352215
0.585027
0.275772
0.568665
1.388891
0.020981
0.203789
0.03266
0.286625
0.134383
0.033905
0.046371
0.105055
0.383114
0.694118
0.151513
0.266998
0.153745
0.616144
0.043653
0.045929
0.085263
0.383256
0.167397
0.40676
0.624285
0.06925
0.2343
0.386481
0.275459
0.257003
0.248548
0.364121
0.068292
0.179962
0.189614
0.032921
0.043637
0.121804
0.317633
0.386274
0.113937
0.343989
0.023391
0.085215
0.021213
0.065419
0.16187
0.203171
0.237889
0.128206
0.384659
0.099832
0.618514
0.162062
0.430763
0.125048
0.042697
0.040743
0.192981
0.247948
0.690806
0.614426
0.937208
0.262517
0.225723
0.148631
0.183264
0.164966
0.261
0.209641
0.379927
0.329052
0.135698
0.26507
0.210607
0.077981
0.205289
0.370081
0.143671
0.037472
0.287724
0.461269
0.341688
0.184814
0.511076
0.460146
0.360129
0.184621
0.362713
0.198759
0.215164
0.08571
0.329121
0.259548
0.173608
0.097885
0.350631
0.429542
0.226278
0.005078
0.383172
0.120662
0.669139
0.058128
0.645455
0.629541
0.084859
0.129384
0.370521
0.569943
0.169666
0.043317
0.496706
0.036807
0.104073
0.694732
0.098508
0.24481
0.22745
0.068079
0.110237
0.139228
0.156696
0.889532
0.087857
0.818329
0.314328
0.057067
0.161412
0.241102
0.496406
0.241909
0.498647
0.526489
0.679028
0.398869
0.065747
0.229373
0.337208
0.186223
0.027106
0.128542
0.08317
0.262571
0.1816
0.541591
0.060615
0.663775
0.046473
0.306442
0.215141
0.136882
0.024493
0.370518
0.107851
0.496317
0.182843
0.446025
0.088446
0.219979
0.059777
0.264391
0.228343
0.821657
0.079724
0.309277
0.333509
0.058684
0.077619
0.095252
0.931311
0.186275
0.222975
0.364678
0.415057
0.109867
0.210337
0.161289
0.119166
0.046714
0.129542
0.795471
0.406352
0.314349
0.753085
0.026043
0.07958
0.047849
0.146541
0.075732
0.077576
1.160754
0.075331
0.168897
0.333548
0.067946
0.121207
0.623054
0.507838
0.346294
0.069874
0.158629
0.163322
0.539732
0.750379
0.102719
0.22516
0.253877
0.178966
0.114471
0.228306
0.225288
0.389623
0.201195
0.651059
0.165323
0.232172
0.199596
0.032432
0.099597
0.109637
0.123254
0.21525
0.21385
0.280236
0.136333
0.532316
0.193887
0.184631
0.039318
0.502104
0.186931
0.0503
0.160977
0.295263
0.706056
0.216085
0.092175
1.011186
0.916759
0.95368
0.211917
0.121667
0.288218
0.596883
0.06997
0.182656
0.148502
0.069186
0.012253
0.197727
0.661633
0.351414
0.019656
0.246419
0.05105
0.1476
0.029384
0.066845
0.017359
1.260551
0.175232
0.025973
0.087331
0.100394
0.26047
0.337751
0.04786
0.462449
0.249874
0.640861
0.609204
0.180665
0.043457
0.081875
0.096178
0.063874
0.916622
0.163705
0.157907
0.013837
0.220685
0.249652
0.269015
0.632103
0.274363
0.245652
0.070678
0.053832
0.041665
0.555073
0.071292
0.180245
0.105844
0.186592
0.047139
0.034752
0.155084
0.231442
0.226081
0.419543
0.19732
0.043863
0.209741
0.208088
0.066633
0.131001
0.194928
0.45599
0.11805
0.367962
0.098395
0.387055
0.297427
0.768669
0.179584
0.105949
1.016367
0.040454
0.578336
0.135079
0.792833
0.055234
0.124732
0.075474
0.156501
0.125585
0.100355
0.36406
0.310906
0.050713
0.041158
0.141822
0.342941
0.069057
0.061273
0.096126
0.060033
0.251556
0.262276
0.089638
0.145835
0.02325
0.04655
0.107982
0.078737
0.355681
0.881249
0.083933
0.257143
0.015728
0.217111
0.263403
0.044365
0.021939
0.325771
0.070092
0.10156
0.354254
0.550137
0.358213
0.100085
0.070974
0.232224
0.29285
0.086697
0.140934
0.332283
0.202664
0.771548
0.05612
0.08576
0.183956
0.026877
0.359772
0.41413
0.29716
0.243388
0.18541
0.086641
0.193966
0.324305
0.4732
0.549319
0.103324
0.102133
0.041602
0.118016
0.10287
0.13166
0.13611
0.180333
0.008822
0.121133
0.164169
0.039892
0.22002
0.100743
0.238354
0.083146
0.142046
0.077437
0.888655
0.082648
0.555409
0.190347
0.317646
0.016737
0.255923
0.054948
0.264801
0.134989
0.029288
0.211321
0.644338
0.436388
0.165421
0.185474
0.453728
0.066123
0.068103
0.590785
0.445378
0.334869
0.666239
0.172956
0.356562
0.378582
0.127159
0.292167
0.051651
0.176377
0.288605
0.210818
0.23167
0.13743
0.414887
1.07998
0.450359
0.018381
0.052433
0.482786
0.002441
0.158128
0.333107
0.090572
0.138446
0.282706
0.079786
0.37874
0.05637
0.249405
0.789416
0.196623
0.201229
1.265483
0.048259
0.155369
0.279135
0.500862
0.258573
0.239421
0.284802
0.164381
0.307807
0.497499
0.224973
0.222288
0.813887
0.249763
0.128325
0.579506
0.038184
0.055866
0.173688
0.165106
0.045009
0.038417
1.047949
0.376894
0.054042
0.105528
0.105092
0.189962
0.030314
0.273904
0.40325
0.272376
0.006134
0.159498
0.114878
0.392716
0.058352
0.986863
0.336927
0.385117
0.228281
0.199172
0.050966
0.25679
0.348573
0.027349
0.555909
0.200321
0.713771
0.409989
0.248602
0.308453
0.765039
0.131575
0.123579
0.368649
0.054689
0.143858
0.494547
0.249787
1.070865
0.830323
0.202298
0.709392
1.574919
0.101765
0.012209
0.044953
0.525872
0.230177
0.218837
0.404222
0.158022
0.099501
0.101924
0.017585
0.296974
0.602246
0.207967
0.317164
0.522382
0.3515
0.068766
0.011593
0.017007
0.065298
0.271172
0.30105
0.171657
0.01481
0.202389
0.505487
0.148427
0.553167
0.370383
0.546877
0.203441
0.055201
0.059136
0.063073
0.343257
0.316612
0.072369
0.05808
0.190783
0.022158
0.316336
0.190598
0.19677
0.079004
0.121435
0.092829
0.158066
0.330346
0.102975
0.141632
0.0984
0.107843
0.013517
0.092704
0.067583
0.043246
0.12661
0.039186
0.596236
0.390438
0.045684
0.153599
0.603755
0.072441
0.324572
0.015579
0.166329
0.009227
0.127104
0.299416
0.418159
0.376369
0.171893
0.164197
0.138904
0.042729
0.953959
0.07812
0.443721
0.064083
0.726315
1.338865
0.077056
0.475072
0.03028
0.056973
0.163268
0.463047
0.039894
0.03068
0.107008
0.015332
0.355357
0.239945
0.072403
0.182415
0.734771
0.427778
0.340893
0.572353
2.165983
0.753401
0.095103
0.504394
1.201027
0.255466
0.171275
0.085593
0.496262
0.099442
0.101562
0.281468
1.33268
0.036509
0.061519
0.056024
0.237274
0.040373
0.15052
0.018414
0.062584
0.123521
0.222585
0.019595
0.372186
0.155652
0.458284
0.199264
0.132243
0.038323
0.262434
0.127082
0.442392
0.472533
0.265118
0.158167
0.075319
0.724187
0.268037
0.148983
0.121237
0.117289
0.512315
0.600678
0.123745
0.51948
0.576162
0.001487
0.251573
0.470286
0.207313
0.087581
0.228638
0.213271
0.194295
0.131315
0.156097
0.260014
0.374556
0.079837
0.747258
0.050467
0.067366
0.127357
0.403
0.166283
0.256871
0.223403
0.548231
0.285816
0.148085
0.448164
0.14601
0.077221
0.205537
0.093313
0.062471
0.032756
0.254938
0.127974
0.226548
0.18234
0.18779
0.402676
0.024175
0.347243
0.077357
0.297269
0.132171
0.430472
0.084078
0.131119
0.020884
0.633839
0.263719
0.250035
0.015458
0.063066
0.080417
0.321854
0.29084
0.20889
0.129693
0.231191
0.283372
0.211727
0.317948
0.578058
0.027646
0.27133
0.302762
0.150119
0.493846
0.04749
0.6469
0.103882
0.389492
0.224512
0.507418
0.190493
0.208117
0.275234
0.292117
1.305225
0.096589
0.006347
0.281814
0.045856
0.29193
0.029542
0.350118
0.065336
0.361238
0.729883
0.197263
0.039487
0.366114
0.838199
0.077695
0.056809
0.029948
0.63985
0.315122
0.141746
0.342793
0.072787
0.014359
0.078713
0.651265
0.327331
0.207272
0.126566
0.142193
0.67653
0.287592
0.15195
0.103186
0.104033
0.060722
0.675294
0.417506
0.171877
0.171339
0.117689
0.204226
0.046332
0.612089
0.070797
0.144605
0.79026
0.131934
0.160987
1.326951
0.174685
0.06923
0.034651
0.369488
0.144946
0.261529
0.377762
0.088429
0.182028
0.801612
0.027436
0.147219
0.448862
0.124428
0.334004
0.057642
0.01701
0.097237
0.346265
0.709235
0.193755
0.273475
0.01338
0.53506
0.010206
0.198149
0.481956
0.094681
0.363371
0.208234
0.209557
0.032813
0.545808
0.038431
0.346768
0.079123
0.380714
0.789078
0.243127
0.315107
0.057934
0.216191
0.41806
0.441884
0.198497
0.647446
0.047759
0.232874
0.290451
0.66658
0.245825
0.375615
0.239656
0.272144
0.093154
0.021094
0.017307
0.02389
0.165554
0.680023
0.247659
0.075858
0.068577
0.238187
0.517734
0.069507
0.168103
0.138196
0.050852
0.149153
0.237818
1.143732
0.760722
0.131312
0.105301
0.130559
0.292951
0.414335
0.518233
0.020478
0.079771
0.292454
0.508662
0.56531
0.51297
0.077706
0.025155
0.284095
0.342798
0.190649
0.076803
0.120736
0.145345
0.159107
0.357832
0.671371
0.107636
0.119637
0.011931
0.0541
0.071354
0.734286
0.024397
0.434847
0.246364
0.449223
0.360472
0.314631
0.396249
0.205441
0.185136
0.035851
0.118197
0.242626
0.737621
0.04313
0.05462
0.202828
0.14695
0.476578
0.074858
0.727325
0.352332
0.107556
0.09108
0.100886
0.827312
0.141539
0.352009
0.224251
0.050066
0.20907
0.105014
0.316984
0.239885
0.14162
0.488811
0.04391
0.380094
0.01754
0.181008
0.28647
0.307345
0.323563
0.065637
0.306568
0.03034
0.049071
0.333286
0.688262
0.805959
0.203176
0.288039
0.156628
0.194947
0.121767
0.542737
0.684586
0.644658
0.793486
0.230335
0.058658
0.030755
0.04533
0.283686
0.118006
0.233001
0.117217
0.179778
0.009048
0.062761
0.17209
0.123036
0.174873
0.607857
0.114977
0.154703
0.262777
0.142955
0.120873
0.326615
0.036467
0.028206
0.345601
0.175593
0.086042
0.047949
0.179609
0.21303
0.186427
1.378263
0.079093
0.127556
1.00185
0.234998
0.397128
0.009435
0.034887
0.333551
0.121986
0.564287
0.152051
0.276717
0.356082
0.41598
0.2935
0.041682
0.052187
0.276287
0.052653
0.254006
0.184373
0.125875
0.358848
0.755851
0.022207
0.199506
0.975296
0.120722
0.072621
1.234592
0.020982
0.317457
0.254137
0.275435
0.111255
0.272281
0.597064
0.031177
0.384017
0.734493
0.528444
0.301002
0.253813
0.073818
0.079201
0.241791
0.084688
0.739544
0.121476
0.084585
0.0347
0.222051
0.09124
0.412274
0.066697
0.154149
0.033007
1.311158
0.107441
0.177561
0.042403
0.115307
0.475175
0.446853
0.144253
0.098843
0.669509
0.144319
0.081876
0.20102
0.082014
0.032093
0.160145
0.534098
0.023445
0.051309
0.080625
0.041362
1.07346
0.169732
0.11252
0.683722
0.172255
0.008857
0.262403
0.015256
0.018112
0.305495
0.173472
0.833443
0.717363
0.107252
0.183127
0.033467
0.247952
0.893177
0.48726
0.039005
0.237979
0.215318
0.066212
0.015704
0.528265
0.06244
0.410357
0.012972
0.085778
0.131211
0.84012
0.429353
0.403401
0.364172
0.979973
0.048806
0.201696
0.248179
0.533214
0.203954
0.507966
0.058189
0.550849
0.029742
0.189308
0.37731
0.442204
0.50173
0.058183
0.112389
0.209692
0.03017
0.772806
0.19067
0.609567
0.415964
0.101714
0.62576
0.116835
0.153131
0.25944
0.1835
0.134364
0.443829
0.051101
0.041124
0.117177
0.032143
0.615243
0.151619
0.075099
0.574056
0.266849
0.018535
0.245289
0.064958
0.229366
0.175632
0.108428
0.216337
0.386125
0.720461
0.272235
0.035747
0.025749
0.064899
1.401228
0.021414
0.408642
0.119406
0.27289
0.433851
0.179235
0.363801
0.488521
0.306942
0.327979
0.445876
0.558298
0.070967
0.04247
0.201759
0.130119
0.076827
0.132655
0.344534
0.321691
0.354919
0.367704
0.080354
0.391232
0.084863
0.584461
0.139565
0.190187
0.131746
0.362794
0.050583
0.060467
0.447475
0.295927
0.117669
0.059794
0.136484
0.097062
0.340322
0.362204
0.001559
0.070396
0.559354
0.345113
0.152863
0.063026
0.183871
0.481123
0.199212
0.547227
0.027337
0.090271
0.119433
0.12861
0.50418
0.291192
0.25999
0.492407
0.006323
0.283209
0.028193
0.642068
0.150406
0.206191
0.185418
0.040746
0.470764
0.143312
0.087785
0.096885
0.106744
0.351061
0.162975
0.143424
0.210745
0.364822
0.656055
0.168949
0.211613
0.408382
0.357914
0.360433
0.409849
0.432666
0.031571
1.007315
0.065085
0.107836
0.929225
1.125376
0.249308
0.245819
0.122437
0.092045
0.451728
0.047911
0.451525
0.331672
0.093564
0.073527
0.18738
0.612481
0.449688
0.03763
0.060444
0.16399
0.183943
0.244346
0.299204
0.608076
0.162506
0.564728
0.497019
0.201638
0.118999
1.590672
0.141597
0.075718
0.108932
0.27465
0.18255
0.115718
0.068861
0.321723
0.136716
0.300883
0.11956
0.128438
0.423093
0.342216
0.045521
0.145338
1.376955
0.170395
0.3795
0.362851
0.182467
0.23227
0.554936
0.277611
0.103594
0.399542
0.122733
0.064574
0.16156
0.019546
0.005612
0.207518
0.041158
0.234589
0.269046
0.033296
0.264739
0.287914
0.07929
0.229549
0.121705
0.048974
0.222846
0.160809
0.158895
0.526621
0.51197
0.095607
0.386875
0.055439
0.142289
0.434255
0.154843
0.404542
0.04266
0.059377
0.349039
0.367677
0.023461
0.133963
0.016875
0.224075
0.203488
0.185026
0.096141
0.182659
0.680695
0.434871
0.12405
0.2673
0.093851
0.611506
0.040877
0.616232
0.062651
0.334502
0.443644
0.220597
0.364612
0.298544
0.069371
0.092042
0.003186
0.099213
0.069718
0.071747
0.195295
0.196346
0.629851
0.056011
0.207926
0.77139
0.151928
0.401133
0.237238
0.062992
0.095946
0.606651
1.12593
0.029185
0.307293
0.965392
0.17793
0.068935
0.015622
0.27823
0.244724
0.206149
0.030891
0.099039
0.022074
0.541257
0.127198
0.261595
0.251081
0.048254
1.017672
0.434378
0.101644
0.002549
0.459633
0.066457
0.052519
0.03687
0.189999
0.202672
0.733513
0.067991
0.242909
0.153774
0.13728
0.54294
0.082642
0.200875
1.164488
0.516626
0.235209
0.371807
0.481713
0.346445
0.054061
0.212555
0.037073
0.048166
0.083571
0.081771
0.044955
0.211877
0.068972
0.942409
0.111377
0.328088
0.525134
0.073726
0.241088
0.165778
0.225147
0.094621
0.162974
0.871136
0.613105
1.018206
0.017804
0.899808
0.059625
0.251526
0.051212
0.328449
0.034484
0.699293
0.412121
0.00759
0.462453
0.048267
0.211427
0.230493
1.134637
0.061126
0.205928
0.207841
0.498062
0.036675
0.244176
0.049976
0.713694
0.54587
0.13739
0.920969
0.139386
0.079344
0.537633
0.032678
0.362967
0.183663
0.056766
1.111233
0.053333
0.175772
0.263093
0.252949
0.205206
0.500508
1.02501
0.038924
0.005429
0.271357
0.039353
0.192776
0.613953
0.013163
0.069165
0.225092
0.093292
0.076415
0.141404
0.743747
0.19286
0.373089
0.26075
0.390312
0.046442
0.051302
0.071157
0.730083
0.058093
0.174128
0.386437
0.038575
0.09018
0.0548
0.222141
0.445084
0.163928
0.246662
0.18761
0.343909
0.304083
0.103822
0.103516
0.127138
0.237974
0.107715
0.068375
0.251773
0.07932
0.034229
0.074253
0.241377
0.382056
0.099793
0.518825
0.168964
0.130901
0.038674
0.1829
0.261722
0.150134
0.197267
0.205905
0.373208
0.271998
0.071594
0.310397
0.286709
0.148718
0.308745
0.218543
0.386481
0.072597
0.193648
0.32022
0.542305
0.574665
0.454055
0.293965
0.184029
0.480871
0.1281
0.124551
0.160907
0.36777
0.119436
0.016745
0.132714
0.174349
1.09685
0.173091
0.046571
1.185752
0.21058
0.373171
0.076743
0.212919
0.276097
1.170636
1.168258
0.363793
0.250917
0.102701
0.423295
0.646838
0.091618
0.106264
0.239917
0.661228
0.378586
0.304691
0.240334
0.365912
0.223563
1.054919
0.168854
0.09819
0.117586
0.120944
0.322012
0.821956
0.663074
0.117582
0.319594
0.282826
0.40224
0.017456
0.115974
0.431648
0.275437
0.169631
0.231462
0.172045
0.250717
0.129313
0.149276
0.545799
0.026072
0.485869
0.818642
0.246499
0.37681
0.374867
0.597587
0.045284
0.169206
0.026683
0.096152
0.003549
0.257669
0.126231
0.581817
0.060879
0.203154
0.152181
0.276923
0.124703
0.022701
0.262535
0.318782
0.207586
0.357461
0.381169
0.912235
0.028004
0.371027
0.288224
0.55005
0.236299
0.07114
0.161969
0.135088
0.128159
0.576794
0.158436
0.189572
0.07453
0.258804
0.144609
0.501816
0.592189
0.133646
0.643483
0.134493
1.037005
0.067847
0.076205
0.086798
0.236507
0.159256
0.11156
0.149959
0.070532
0.804837
0.080023
0.636665
0.030383
0.308388
0.193506
0.441317
0.327377
0.026141
0.204698
0.182508
0.163246
0.104172
0.074933
0.278868
0.218787
0.14279
0.238096
0.843172
0.150719
0.422807
0.395436
0.434939
0.175346
0.106323
0.272669
0.268263
0.286634
0.666416
0.097947
0.770857
0.006674
0.034561
0.45926
0.142105
0.667357
0.013408
0.034057
0.209162
0.065231
0.165948
0.220723
0.020013
0.318382
0.476675
0.504993
0.111488
0.246735
0.137367
0.125581
0.087543
0.529305
0.653964
0.081498
0.58603
0.025929
0.119485
0.071727
0.65904
0.251023
0.007375
0.513049
0.07608
0.5115
0.299266
0.22184
0.454515
0.081248
0.015751
0.135086
0.138256
0.528537
0.05935
0.279924
1.572817
0.097686
0.108759
0.07396
0.169962
0.289365
0.231606
0.039056
0.050373
0.169922
0.349795
1.18002
0.021444
0.020981
0.403506
0.506724
0.146204
0.04536
0.126114
0.302113
0.052142
0.087065
0.345942
0.214138
0.116064
0.166971
0.952879
0.054215
0.282579
0.295984
0.06937
0.457475
0.280208
0.238891
0.141581
0.148181
0.653259
0.569974
0.119929
0.007864
0.303
0.134765
0.049961
0.716591
0.127512
0.026206
0.234525
0.028126
0.232653
1.018849
0.377451
0.109028
0.036776
0.142546
0.030713
0.107972
0.095065
0.173638
0.361548
0.180009
0.306265
0.155931
1.142811
0.09304
0.084344
0.385012
0.199547
0.712549
0.098887
0.113164
0.108848
0.385158
0.232156
0.416842
0.174953
0.169316
0.171428
0.037057
0.045678
0.45499
0.387239
0.365132
0.193789
0.209947
0.057789
0.222278
0.399245
0.283324
0.393257
0.21167
0.600297
0.043589
0.179856
0.089947
0.332801
0.432338
0.161355
0.203991
0.094306
0.13078
0.234851
0.839237
0.067185
0.327432
1.088576
0.064071
0.613662
0.416593
0.06906
0.304691
0.500476
0.063248
0.450765
0.201011
0.116054
0.117528
1.057428
0.014763
0.172707
0.213076
0.856679
0.315595
0.419793
0.225396
1.280185
0.0105
0.671791
0.178881
0.015477
0.119449
0.384266
0.146362
0.100976
1.012959
0.137782
0.101075
0.011353
1.134696
0.109581
0.178215
0.101781
0.045953
0.103838
0.017605
0.225092
0.094417
0.078119
0.096714
0.060575
0.093249
0.377969
0.182108
0.209298
0.166153
0.313411
0.119476
0.228264
0.179613
0.143846
0.448089
0.554547
0.01663
0.325865
0.106364
0.351299
0.193315
0.518735
0.439218
0.045187
0.236067
0.744278
0.582551
0.145633
1.389977
0.077859
0.122471
0.076482
0.252767
0.934163
0.612014
0.252597
0.114155
0.143155
0.125798
0.110763
0.388645
0.21507
0.038119
0.429964
0.171585
0.2525
0.175738
0.176109
0.222937
0.280757
1.67507
0.276663
0.210624
0.029501
0.350756
0.061533
0.500377
0.133793
0.802578
0.261258
0.142313
0.292994
0.104445
0.014322
0.190176
0.552511
0.246894
0.281585
0.03102
0.01764
0.769184
0.186468
0.429927
0.496087
0.06401
0.265866
0.077488
0.027117
0.187046
0.030887
0.049671
0.029747
0.290436
0.964592
0.008062
0.066214
0.446033
0.28076
0.009817
0.246481
0.135998
0.069523
0.020834
0.018248
0.107769
0.418539
0.184971
0.060394
0.268346
0.037106
0.156324
0.029638
0.115429
0.094024
0.044858
0.189198
0.266862
0.581177
0.044418
0.176188
0.007894
0.223765
0.168565
0.642556
0.172431
0.226634
0.464792
0.333254
0.028611
0.259542
0.162594
0.373079
0.179124
0.168164
0.006463
0.177383
0.238982
0.572859
0.604296
0.285288
0.147891
0.398156
0.21133
0.414739
0.176672
0.398239
0.042908
0.012031
0.254628
0.317455
0.216447
0.19305
0.157468
0.434676
0.241099
0.261021
0.054918
0.181939
0.069873
0.935258
0.055796
0.380131
0.026507
0.14044
0.205023
0.279395
0.86944
0.298028
0.055639
1.582685
0.200361
0.585407
0.718852
0.181753
0.655531
0.153541
0.351442
0.701271
0.226352
0.047122
0.026372
0.557464
0.391249
0.318042
0.444365
0.566585
0.122593
0.099361
0.508037
0.583353
0.332912
0.050599
0.250762
0.426529
0.480873
0.565112
0.206862
0.080274
0.115328
0.126634
0.379844
0.335483
1.085663
0.508097
0.73989
0.647473
0.507342
0.010849
0.328483
0.490644
1.317451
0.157998
0.070116
0.132508
0.7045
0.349578
0.461943
0.092638
0.291442
0.140225
0.208758
0.002574
0.314031
0.099181
0.145301
0.260085
0.106557
0.165106
0.332043
0.126932
0.819567
0.544679
0.015693
0.090489
0.029824
0.565503
0.163923
0.715693
0.219501
0.489015
1.468042
0.372377
0.287498
0.399397
0.037237
0.310053
0.200378
0.419344
0.024676
0.228807
1.076495
0.336396
0.058035
0.16268
0.063198
0.078188
0.224851
0.04175
0.271814
0.087539
0.32246
0.107485
0.24166
0.129222
0.190112
0.095642
0.13787
0.10281
0.153502
0.133361
0.102797
0.219151
0.425802
0.629911
0.266852
0.095052
0.088545
0.301085
0.182192
0.630118
0.036726
0.028408
0.479104
0.61737
0.41384
0.130585
0.204263
0.542857
0.153089
0.065958
0.10857
0.384327
0.430383
0.38238
0.416352
0.047346
0.15595
0.248377
0.256414
0.148281
0.05512
0.675982
0.293729
0.449171
0.453449
0.439259
0.716217
0.062429
0.059047
0.357491
0.261263
0.3062
0.480137
0.979065
0.215038
0.238994
0.458002
0.162214
0.051962
0.224823
0.057501
0.104523
0.209634
0.339228
0.221687
0.386467
0.223521
0.015332
0.005161
0.762487
0.358522
0.306321
0.373765
0.242176
0.117238
1.229973
0.135506
0.031206
0.334489
0.385874
0.100489
0.359383
0.667472
0.789844
0.020972
0.205596
0.437747
0.030605
0.197911
0.203898
0.165512
0.430924
0.593748
0.01421
0.315131
0.032858
0.01796
0.148443
0.093262
0.052584
0.327911
0.071923
0.062072
0.075639
0.251462
0.675195
0.422434
0.066566
0.487432
0.095923
0.075618
0.17894
0.18501
0.460253
0.327701
0.326714
0.096788
0.53063
0.46326
0.222313
0.078889
0.404864
0.050864
0.03312
0.180769
0.686539
0.539905
0.076053
0.906693
0.063209
0.039361
0.485009
0.107396
0.472068
0.068813
0.129188
0.118717
0.346368
0.148443
0.03227
0.468202
0.032889
0.039099
0.612246
0.467918
0.179365
0.038439
0.455025
1.190697
0.074008
0.114368
0.079409
0.316948
0.12192
0.257476
0.01247
0.427349
0.156729
1.0413
0.031641
0.658674
0.153198
0.011544
0.226088
0.150051
0.976862
0.760873
0.167788
0.694426
0.6974
0.121132
0.255536
0.168244
0.74982
0.056555
0.237106
0.159219
0.666507
0.536776
0.099374
0.136293
0.115408
0.277882
0.112679
0.335421
0.292648
0.132762
0.226126
0.182046
0.042592
0.075997
0.069892
0.541335
0.071246
0.150369
0.51616
0.309653
0.693608
0.260297
0.129176
0.078112
0.051841
0.07995
0.151983
0.343027
0.108479
0.070696
0.434093
0.186891
0.020634
0.391214
0.406497
0.190345
0.050424
0.090708
0.885626
0.380422
0.243276
0.227913
0.164675
0.152004
0.016935
0.499851
0.407291
0.357204
0.078379
0.15256
0.016597
0.162692
0.19751
0.015109
0.198
1.210019
0.119703
0.033721
0.087888
0.145555
0.618652
0.151719
0.189372
0.038961
0.36961
0.362652
0.354613
0.277205
0.190986
0.397326
1.343124
0.188833
0.399927
0.734521
0.488874
0.020205
0.18084
0.515656
0.137738
0.391821
0.324166
0.252359
0.02422
0.152204
0.263206
0.065967
0.038065
0.164106
0.16827
0.142722
0.137328
0.536875
0.148262
0.260263
0.3891
0.475881
0.533794
0.51297
0.265056
0.072038
0.008579
0.672523
0.036874
0.402158
0.619588
0.253543
0.116192
0.275141
0.118501
0.120767
0.273515
0.072336
0.022795
0.160888
0.398555
0.236453
0.348047
0.121374
0.026626
0.163156
0.242692
0.109593
0.036148
0.194378
0.329723
0.49572
0.157956
0.522498
0.067469
0.310275
0.51833
0.139628
0.22562
0.41609
0.190133
0.255178
0.128288
0.141659
0.061339
0.065232
0.205593
0.127331
0.022963
0.227507
0.504032
0.087228
0.091734
0.080623
0.301086
0.302153
0.468871
0.813498
0.060353
0.26946
0.159367
0.151381
0.177062
0.176211
0.131059
0.126784
0.747709
0.359716
0.303446
0.036157
0.231672
0.170626
0.15482
0.265458
0.078738
0.370532
0.192202
0.792436
0.213676
0.115328
0.634364
0.114712
0.256811
0.312964
0.115174
0.687392
0.041542
0.407445
0.06627
0.114073
0.179023
0.066881
0.013053
0.457247
0.388571
0.271453
0.050271
0.32031
0.042124
0.247012
0.228084
0.397918
0.070978
0.075083
1.079088
0.235383
0.185857
0.163322
0.325356
0.019235
0.196451
0.421225
0.289154
0.004303
0.717115
0.11569
0.188879
0.096913
0.559299
0.188144
0.209846
0.212961
0.152393
0.537204
0.31493
0.092454
0.152811
0.236577
0.409652
0.06666
0.217672
0.058312
0.166185
0.234726
0.069408
0.028659
0.006955
0.277281
0.059575
0.305297
0.048744
0.080332
0.261873
0.052533
0.07928
0.119779
0.179844
0.035186
0.072955
0.235038
0.027201
0.363359
0.128069
0.504919
0.226632
0.414478
0.52499
0.267231
0.272219
0.146537
0.481591
0.893744
0.521405
0.689177
0.138627
0.649175
0.053252
0.077111
0.006858
0.076132
0.053919
0.274048
0.149793
0.26546
0.164847
0.305758
0.401638
0.153749
0.783254
0.016463
0.038002
0.130779
0.119109
0.198614
0.243505
0.019736
0.065654
0.797293
0.118983
0.295751
0.215551
0.288769
0.303158
0.283649
0.283625
0.106859
0.145804
0.118406
0.266143
0.069927
0.067537
0.524251
0.412913
0.073363
0.15375
0.143667
0.333579
0.369515
0.50158
0.289972
0.372042
0.020225
0.980303
0.410562
0.057921
0.180128
0.038365
0.252919
0.002964
0.06112
0.165158
0.438346
0.478351
0.446544
0.254794
0.247521
0.094651
0.067869
0.033821
0.06266
0.088138
0.017001
0.420199
0.231317
0.014656
0.035159
0.398078
0.209755
0.129247
0.054665
0.138591
0.208803
0.105254
0.011852
0.030062
0.33267
0.035106
0.395224
0.333735
0.107251
0.055307
1.08361
0.19681
0.836396
0.041302
0.334839
0.106301
0.173377
0.503424
0.053042
0.592422
0.146352
0.229445
0.321358
0.008125
0.010458
0.257976
0.212989
0.270737
0.087136
0.531062
0.142645
0.69607
0.328045
0.329508
0.271378
0.322223
0.078845
0.03607
1.265286
0.213191
0.193695
0.062438
0.137838
0.376928
0.100794
0.34945
0.385944
0.332786
0.279282
0.491821
0.329577
0.273304
0.402691
0.079937
0.406727
0.304132
1.094562
0.329793
0.512821
0.650548
0.654033
0.290447
0.113984
0.086815
0.166058
0.086706
0.054714
0.583734
0.089165
0.090821
0.051834
0.107203
0.423014
0.13474
0.120005
0.068787
0.306628
0.071071
0.513862
0.732386
0.294652
0.162085
0.155209
0.034973
0.166831
0.450753
0.131992
0.012726
0.041347
0.093477
0.283154
0.163348
0.237544
0.063293
0.006148
0.15833
0.108091
0.138769
0.320033
0.124277
0.068707
0.118447
0.453312
0.146967
0.165494
0.160195
0.333537
0.061195
0.267467
0.365643
0.109828
0.105772
0.318802
0.662435
0.145702
0.139693
0.209669
0.221422
0.430356
0.563252
0.135279
0.199539
0.11936
0.144803
0.451282
0.179379
0.136052
0.23067
0.613667
0.084758
0.072971
0.170703
0.073622
0.085988
0.514434
0.067628
0.138397
0.484261
0.135194
0.725808
0.140893
0.066249
0.512155
0.061358
0.193166
0.105001
0.680328
0.672266
0.069541
0.298506
0.051852
0.09362
0.477031
0.241259
0.224119
0.194204
0.138697
0.396172
0.099345
0.680003
0.18151
0.109885
0.501596
0.03891
0.149618
0.337857
0.634255
0.497957
0.80772
0.119745
0.009238
0.060976
0.028337
0.345066
0.598041
0.40542
0.005282
0.055263
0.544122
0.119296
