0.436067
0.05235
0.067919
0.605429
0.906508
0.110526
0.576341
1.075029
0.567165
0.288204
0.04975
0.128334
0.077775
0.063935
0.280907
0.014899
0.160894
0.218777
0.104948
0.673772
0.405092
0.213568
0.906045
0.145687
0.16203
0.055153
0.005499
0.525538
0.013132
0.199544
0.700945
0.492422
0.353371
0.108095
0.850599
0.231948
0.138632
0.081976
0.102546
0.461359
0.374344
0.017228
0.437055
0.001902
1.024628
0.328138
0.076351
1.409262
0.036141
1.562627
0.031952
0.052068
0.694753
0.248193
0.313673
2.151322
0.37847
0.225454
0.252302
0.061482
0.647969
1.283604
0.363561
0.054732
1.026606
0.22287
0.108309
1.524481
0.629274
0.258234
0.14958
0.791038
0.536397
0.031092
0.52601
0.189812
0.058365
0.100783
0.090636
0.042047
0.026913
0.404522
0.268752
0.109604
0.036117
0.011506
0.040301
0.494413
0.18893
0.147592
0.047206
0.624926
0.554514
0.297828
0.05613
0.037862
0.608461
0.19444
0.548999
0.057245
0.060491
0.12193
0.280733
0.01588
0.037905
0.089196
0.083933
0.700553
0.006334
0.82303
0.003895
0.032989
0.093697
0.314985
0.030291
0.207704
1.194958
0.115257
0.252758
0.365722
1.199867
0.009045
0.148074
0.186245
0.053158
0.279114
0.332608
0.206087
0.26861
1.151694
0.051511
0.043487
0.274037
0.133029
0.028067
0.113986
0.055813
0.247497
0.418281
1.537938
0.000511
0.149854
0.214159
0.146338
0.076866
0.094607
0.035145
0.0445
0.453506
0.777652
0.884266
0.333696
0.100177
0.134799
0.332354
0.262413
0.380045
0.122984
0.056951
0.219792
0.191287
0.418372
0.187685
0.004828
0.212106
0.297892
0.078426
0.903546
0.025338
0.121329
0.181112
0.078016
0.093037
0.027617
0.028725
0.107412
0.029569
0.025551
0.464694
0.186868
0.599105
0.275717
0.461341
0.232336
0.105933
0.148189
0.135353
0.160655
0.774517
0.006754
0.055743
0.376453
0.083241
0.025256
0.224968
0.012281
0.044429
0.393141
0.405072
0.230342
0.103797
0.29064
0.403285
0.317243
0.129386
0.073104
0.216793
0.054067
0.278195
0.080818
0.347469
0.091499
1.230333
0.232157
0.566152
0.149888
0.403117
0.020748
0.406232
0.047311
0.07118
0.065598
0.406606
0.629194
0.101067
0.15607
0.521441
0.38704
0.257483
0.070328
0.167668
0.180181
0.245752
0.037054
0.047362
0.196632
0.007687
0.022977
0.382089
0.112435
0.007511
0.049112
0.085496
0.381602
0.207686
0.480268
0.021697
0.445247
0.483857
0.059633
0.16212
0.542267
1.735567
0.850849
0.019587
0.040297
0.206044
0.220926
0.259272
0.325
0.106879
0.296605
0.87914
0.154905
0.399079
0.631421
0.299783
0.148884
0.085375
0.164508
0.00571
0.01925
0.2131
0.025356
0.38748
0.258253
0.116243
0.665247
0.026523
0.041009
0.386405
0.068548
1.136991
0.078152
0.40096
0.260487
0.071837
0.699246
0.434127
0.47619
0.236908
0.192281
0.332796
0.164964
0.05465
0.76571
0.717095
0.048002
0.076855
0.124593
0.610069
0.377289
0.131538
0.301703
0.000251
0.107495
0.266722
0.213557
0.372317
0.91751
0.394333
0.267864
0.128007
0.477505
0.062762
0.872278
0.054103
0.038646
0.001571
0.258561
0.068695
0.65711
0.131533
0.118578
0.193372
0.055039
0.076469
0.030219
0.084651
0.925266
0.22501
0.191136
0.62259
0.080921
0.703293
0.283296
0.581492
0.0507
0.085695
0.005139
0.294573
0.173666
0.101705
0.046373
0.107581
0.713639
0.25778
0.248264
0.669742
0.609896
0.351525
0.286302
0.46673
0.198073
0.203234
0.261217
0.008777
0.389203
0.946968
0.531245
0.029734
0.08737
0.076334
0.117918
0.245905
0.877325
0.946578
0.420926
0.014731
0.07913
0.40453
0.052042
1.267003
0.470827
0.288634
0.132965
0.178773
1.06134
0.038386
0.236601
0.285341
0.179805
0.700228
0.441848
0.556602
0.012921
0.005139
0.561067
0.193217
0.07933
0.005751
0.363941
0.103709
0.544363
0.599511
0.315657
0.290008
0.046694
0.188147
0.54667
0.430602
0.116834
0.528906
0.090552
0.707396
0.097359
0.433543
0.126006
0.128442
0.598275
0.044843
0.070492
0.003677
1.357284
0.151168
1.19578
0.409355
0.163864
0.038255
0.106118
0.02812
0.196683
0.865051
0.327562
0.037465
0.185934
0.405762
0.065538
0.04498
0.177903
0.230273
0.413329
0.534794
0.07128
0.183793
0.836088
0.110546
0.081932
0.125754
0.26809
0.274655
0.151693
0.174264
0.083787
0.184444
0.081378
0.499683
0.009799
0.093958
0.376281
0.056093
0.604689
0.353187
0.223611
0.046489
0.247658
0.049922
0.019578
0.014897
0.002323
0.269884
0.113691
0.242889
0.012684
0.051547
0.31097
0.618001
0.846788
0.281479
0.072063
0.09605
0.957353
0.035993
1.850371
0.316934
0.996058
0.165128
0.106408
0.484393
0.655688
0.466302
0.007145
0.008378
0.075562
0.03457
0.004007
0.286468
0.145404
0.120882
0.123463
0.113198
0.239396
0.153131
0.057063
1.199853
0.326501
0.545932
0.130744
0.038795
0.479288
0.131501
0.005168
0.223464
0.083255
0.105135
0.035739
0.401799
0.117974
0.008025
1.727072
0.198773
1.204392
0.096637
0.277799
0.197359
0.465426
0.256479
0.06792
0.092074
0.071344
0.740537
0.198946
0.06401
0.298373
0.593924
0.033637
0.177165
0.024954
0.62886
0.755572
0.177581
0.166528
0.553263
0.092975
0.178054
0.847401
0.520685
0.318127
0.007938
0.238046
0.32551
0.167858
0.175506
0.623637
0.063982
0.9213
0.125115
0.171665
1.010003
0.588582
0.151432
0.559489
0.206971
0.348733
0.096591
0.254908
0.190805
0.23798
0.03567
0.184404
0.227072
0.010108
0.052787
0.322851
0.716576
0.120063
0.682962
0.196026
1.493358
0.120608
1.690461
0.179425
0.156531
0.109798
0.043738
0.421075
0.415457
0.387928
0.757668
0.579935
0.091775
0.368606
0.152635
0.07891
0.140205
0.040275
0.606626
1.852347
0.316745
1.748962
0.062898
0.135467
0.009611
1.099813
0.728088
0.268095
0.156579
0.070476
0.043729
1.405004
0.086922
0.357462
0.029571
1.053529
0.110873
0.537184
0.026764
0.127645
0.534067
0.147876
0.184668
0.019375
0.052279
0.068023
0.028905
0.071221
0.927832
0.316316
0.243625
0.363629
0.231914
0.218507
0.045288
0.064194
0.282446
0.058673
0.081436
0.675491
0.163222
0.200916
0.107713
0.842115
0.041752
0.176772
0.130521
0.275045
0.035641
0.078988
0.165437
0.261641
0.002183
0.067751
0.302059
0.105189
0.245245
0.287096
0.468727
0.330118
0.140032
0.418178
0.428861
0.097538
0.012817
0.24749
0.051587
0.006143
0.510835
0.362861
0.058882
0.076878
0.16995
0.090818
0.178566
0.019307
0.24887
0.246173
0.080648
0.118561
1.123409
0.255565
0.147138
0.04361
0.376345
0.36484
0.217071
0.05674
0.535924
0.290271
0.036678
0.123161
0.164226
0.59938
0.402131
0.037617
0.563969
0.002253
0.165197
1.179705
0.134086
0.021401
0.151493
0.001695
0.14042
0.020648
0.067293
0.545189
0.01252
0.326048
0.147376
0.182409
0.222226
0.144269
0.317572
0.099507
0.06005
0.202897
0.682181
0.928078
0.596287
0.028187
0.154398
0.112381
1.278155
0.252355
0.268251
0.296599
0.047649
0.014779
0.308381
0.281257
0.321128
0.160892
0.236308
0.263256
0.07177
0.340889
0.147783
0.196837
0.056579
0.035025
0.193604
0.131269
0.559673
0.275634
0.323341
0.167794
0.589056
0.121744
0.037495
0.12306
0.813411
0.941936
0.236899
1.342439
0.109234
0.135562
0.004904
0.497364
0.00841
0.011539
0.121963
0.609719
0.009571
0.306285
0.063372
0.229452
0.601092
0.283385
0.258664
0.137553
0.3097
0.06378
0.129606
0.032449
0.270711
0.582454
0.029266
0.676538
0.692336
0.531723
0.183283
0.229984
0.683002
0.579228
0.318421
0.050192
0.170648
0.187736
0.048913
0.13526
0.139452
0.135141
0.127967
0.07079
0.194961
0.371592
0.317198
0.047653
0.282606
0.510733
0.601987
0.130005
0.260086
0.069367
0.319886
0.77113
0.142864
0.046633
0.048899
0.148627
0.351343
0.647303
0.832855
0.800285
0.534849
0.92322
0.088995
0.299798
0.448923
0.119047
0.259218
0.18919
0.637895
0.0937
0.571997
0.050609
0.263775
0.91405
0.51626
0.07465
0.047055
0.159774
0.220512
0.351536
0.249816
0.56158
0.723285
0.177213
0.678161
0.012402
0.000906
0.212593
0.078068
0.23537
0.063231
0.622874
0.05951
0.468239
0.193121
0.111449
0.039548
1.523483
0.107089
0.056752
0.635015
0.057593
0.0894
0.164156
0.162852
0.406087
0.093946
0.170237
0.167074
0.26051
0.294018
0.241183
0.15695
0.408153
0.178837
0.797826
0.185088
0.106972
0.115481
0.591921
0.232248
0.037019
0.623588
0.131607
0.674178
0.403581
0.17058
0.392868
0.677829
0.389923
0.137636
0.190128
0.06737
0.848267
0.193813
0.369781
0.637912
0.007611
0.42506
0.185697
1.400692
0.033954
0.120449
0.650715
0.089748
0.063823
0.440569
0.295875
0.173953
0.486047
0.158149
0.080333
0.090463
0.100545
1.202511
0.162698
0.054799
0.089543
0.440058
0.599644
0.179145
0.00945
0.355665
0.251181
0.37649
0.027762
0.027773
0.257642
0.013847
0.185891
0.177707
0.103313
0.291659
0.122179
0.328198
0.297253
0.388218
0.844256
0.325596
0.486908
0.13582
0.540295
0.498581
1.224408
0.573496
1.273784
0.727909
0.133315
0.04812
0.384444
0.683366
0.045229
0.399422
0.260386
0.072144
0.874274
0.294998
0.06212
0.358373
0.043208
0.099449
0.26853
0.294637
0.131627
0.06411
0.103077
0.262043
0.592048
0.264044
0.220507
0.028182
1.800534
0.01352
0.382241
0.089902
0.154757
0.688853
0.123728
0.13812
1.496657
0.306432
0.066497
0.192311
0.622165
0.126551
0.453501
0.030933
0.201693
0.153211
0.013422
0.36587
0.127561
0.004486
0.317096
0.273254
0.176965
0.037096
0.358087
0.060519
0.031134
0.633313
0.203359
0.30941
0.272468
0.178247
0.583859
0.477485
0.370938
0.173868
0.087659
0.146968
0.108846
0.189673
0.129194
0.247005
0.024756
0.026242
0.01842
0.301774
0.277304
0.345136
0.179923
0.474312
0.409584
0.31761
0.29645
0.712642
0.1636
0.820286
0.665077
0.01746
0.402876
0.006412
0.038248
0.026429
1.540563
0.196303
0.088165
0.278586
0.356221
0.265654
0.01294
0.000952
0.147542
0.172763
0.651549
0.068107
1.041363
0.006565
0.091428
0.05407
0.810702
0.086294
0.401794
0.891244
0.12603
1.422692
0.129976
0.38185
0.005114
0.958578
1.153284
0.137773
1.877267
0.285649
0.180829
0.072569
0.184508
0.387571
0.498169
0.018109
0.116082
0.106092
0.026539
0.016219
0.089287
0.656321
0.045299
0.464425
0.036986
0.181564
0.320544
0.449197
0.467261
0.889076
0.206402
0.061305
0.023079
0.513442
0.007188
0.073322
1.180115
0.714467
0.389646
1.047791
0.445446
0.100592
0.117849
0.099501
0.119372
0.165091
0.203372
0.381691
0.360166
0.253159
0.717069
0.469248
0.023152
0.558284
0.342425
0.260258
0.389999
0.236698
0.043882
0.034424
0.076126
0.583858
0.038639
0.315683
0.012291
0.340321
0.489029
0.111286
0.22183
1.631153
0.458361
0.231321
0.897958
0.114101
2.073311
0.112306
0.017758
0.23852
0.000605
0.537071
0.03865
0.108469
0.167301
0.396455
0.678646
0.151034
0.11993
0.156044
0.093338
0.032809
0.839601
0.205477
0.064446
0.103048
1.450425
0.054386
0.685139
0.294017
0.242595
0.003413
0.123489
0.178947
0.037752
1.060725
0.093787
0.173209
0.167413
0.116047
0.316966
0.395143
0.874978
0.880665
0.075471
0.024511
0.366763
0.085312
0.317622
0.394881
0.107313
1.918374
1.223631
0.030072
0.072936
0.103572
0.22286
0.071246
0.082658
0.116736
0.113544
0.0127
0.080757
0.092006
0.274371
0.038697
0.128349
0.113377
0.584629
1.005296
0.12605
0.167965
1.096525
0.499854
0.068137
0.149861
0.572266
0.075302
0.091399
0.517853
0.420447
0.114031
0.066154
0.077948
0.088011
0.200023
0.282721
0.110151
0.180476
0.042769
0.420591
0.138171
0.001772
0.04649
1.564005
0.418699
0.045302
0.052005
0.402654
0.411531
0.060809
0.247852
0.365049
0.360363
0.385196
0.040267
0.058292
0.198779
0.656541
0.157332
0.009824
0.051355
0.531742
0.266152
0.100635
0.848135
0.499416
0.106338
0.364345
0.117856
1.584896
0.084179
0.431229
0.240868
0.329859
0.527104
0.159354
0.207268
0.011546
0.425904
0.628135
0.891403
0.011222
0.160519
0.564219
0.437936
0.183002
0.019856
0.769097
0.172188
0.028662
0.075453
0.292423
0.966499
0.338875
0.352031
0.632861
0.168204
0.076793
0.084457
0.090204
0.303324
0.414431
0.142341
0.198266
0.026062
0.428932
0.047902
0.11452
0.115564
0.1538
0.000435
0.799734
0.405826
0.028493
0.290859
1.389788
0.09978
0.073087
0.521105
1.083155
0.240651
1.555608
0.058521
0.658823
0.513117
0.122634
0.016336
0.425185
0.120409
0.13636
0.987991
0.098662
0.252009
0.078023
0.091272
0.135802
1.224016
0.382636
0.393701
0.049632
1.223772
0.693594
0.373415
0.279858
0.093904
0.150614
0.271621
0.123042
0.208347
0.011505
0.006055
0.120951
0.099862
0.099798
0.052518
0.310217
0.082416
0.101589
0.026961
0.021447
0.405936
0.068925
0.3133
0.09804
0.241776
0.759088
0.131316
0.580622
0.23654
0.286837
0.208446
0.003964
0.027028
0.098272
0.473284
0.355681
0.057517
0.693609
0.064057
0.184585
0.874894
0.056423
0.045543
0.385988
1.220534
0.037992
0.406096
0.069841
0.044188
0.098499
0.906007
0.331819
0.114679
0.532786
0.270937
0.234843
0.187658
0.152461
0.434038
0.096906
0.049329
0.332583
1.011985
0.061576
0.295474
0.231157
0.219194
0.017031
1.061015
0.081197
0.110772
0.665613
0.517173
0.537347
0.129912
0.043247
0.510356
0.191986
0.276202
0.593756
0.009764
0.645515
0.152183
0.079049
0.365115
0.06701
0.082211
0.248268
0.140065
0.214629
0.655121
0.55269
0.049668
0.391602
0.438593
0.569385
0.665416
0.121195
0.092314
0.954896
0.619238
0.406877
0.048466
1.430511
0.110937
0.018482
0.360195
0.990966
0.316243
0.30379
0.095229
0.179301
0.130121
0.002457
0.069949
0.012367
0.424898
0.012378
0.005042
0.992808
0.600968
0.275467
0.185854
0.066261
0.032117
0.066593
0.11944
0.147886
0.087233
1.056463
0.274245
0.33653
0.042994
0.774116
0.037407
0.016717
0.111643
0.163478
0.038441
0.030608
0.033317
0.147772
0.038183
0.117938
0.073673
0.045055
0.259756
1.180179
0.046976
0.141351
1.093912
0.364995
0.195838
0.311213
0.335147
0.183798
0.794877
0.660823
0.743827
0.393649
0.077309
0.018138
0.030053
0.064115
0.118247
0.807873
0.383531
0.004571
0.181448
0.119635
0.005985
0.583223
0.011134
0.004994
0.103811
0.011491
0.04271
0.066683
0.132422
0.375051
1.326613
0.094286
0.428037
0.238361
0.169505
0.428222
1.258583
0.153575
0.131242
0.363504
0.258702
0.063293
0.279299
0.453033
0.384546
0.614615
0.240196
0.204332
0.517823
0.182355
0.175495
0.083173
0.349864
0.73913
0.171718
0.109587
0.041158
0.134084
0.150239
0.73614
0.037481
0.010371
0.444518
0.010938
0.042033
0.019904
0.060013
0.992539
0.300034
0.148332
0.240724
0.588051
0.271722
0.46906
0.731826
0.350546
0.18306
0.117276
0.029885
0.066669
0.085502
0.636832
0.492642
0.113113
0.273617
0.41987
0.55983
0.024049
0.614153
0.392988
0.062076
0.035069
0.670759
0.204218
0.262294
0.705532
0.154898
0.088421
0.008871
0.451673
0.027253
0.853063
0.088251
0.140076
0.141856
0.146122
0.014402
0.042649
0.013278
0.120217
0.172789
0.344905
0.666376
0.074061
0.119616
0.02424
0.1171
0.120696
0.114132
0.047466
0.59274
0.003689
0.098022
0.000215
0.015749
0.002329
0.151834
0.7706
0.178807
0.835672
0.20745
0.140859
0.129057
0.035441
0.178708
0.229617
0.429993
0.05039
0.103521
0.322718
0.984438
0.068599
0.948365
0.435076
0.057218
0.078368
0.464468
0.174884
0.050971
0.284774
0.186926
0.611427
0.440872
0.185702
0.585543
0.154137
0.215143
0.3641
0.109819
0.073071
0.030713
0.086693
0.105534
0.003392
0.240822
0.602055
0.073926
0.039842
0.399216
0.250712
0.59843
0.76269
0.487899
0.221355
0.166436
0.004845
1.396157
0.23515
0.319531
0.238878
0.40818
0.22382
0.027705
0.088985
0.081814
0.106039
0.007136
0.046231
0.185383
0.412384
0.117744
0.041014
0.13958
0.131482
0.263321
0.049883
0.461065
0.552416
0.309768
0.213818
0.502775
0.137212
0.182874
0.346008
0.074279
0.158242
0.160819
0.197552
0.840819
0.352119
0.10338
0.033727
0.271469
0.041061
0.105979
1.090107
0.054331
0.37424
0.056402
0.554773
0.326296
0.086557
0.301494
0.233557
0.59926
0.22685
0.097867
0.698541
0.053318
0.007163
0.119809
0.288581
0.619653
0.30475
0.234404
0.067048
0.267446
0.041599
0.537679
0.310885
0.195962
0.371621
0.041777
0.075576
1.206802
0.131048
0.038319
1.948259
0.041951
0.184098
0.046975
0.171235
0.11001
1.162203
0.654629
0.144736
0.910731
0.164769
0.036242
1.26183
0.261369
0.121002
0.055789
0.222726
0.005106
0.331658
0.019304
0.07183
0.270971
0.070077
0.402855
0.352444
0.528519
0.032701
0.87352
0.251911
0.089507
0.639073
0.106677
0.152528
0.065365
0.135874
0.029633
0.41237
0.049474
1.175195
0.186556
0.05615
0.236902
0.188724
0.103146
0.036511
0.000714
0.073079
0.231267
0.928213
0.515082
0.541419
1.289947
0.025062
0.373245
0.058452
0.239449
0.155431
0.213497
0.024791
0.359304
0.00892
0.004556
0.415277
0.084564
0.372025
0.12952
0.113962
0.130585
0.115228
0.903563
0.391889
1.003062
0.2234
0.223852
0.070158
0.293315
0.063715
0.0535
0.078766
0.249558
0.617096
0.099332
0.145133
0.200888
0.981134
0.021693
0.762031
0.051057
0.201849
0.60212
0.206266
0.23197
0.347022
0.308487
0.483178
0.226911
0.46302
0.645386
0.061816
0.467193
0.182624
0.085141
0.707186
0.418997
0.447064
0.726274
0.424102
0.294549
0.181196
0.254901
0.005164
0.362426
0.803216
0.082625
0.68462
0.218859
0.562677
0.685546
0.02818
0.628727
0.189973
0.90297
0.013817
0.473661
0.294396
0.002156
0.591665
0.065601
0.335627
0.502265
0.969717
0.14129
0.360338
0.540605
0.01197
0.171843
0.008143
0.692165
1.153616
0.050723
0.232221
1.366861
0.005215
0.392004
0.288358
0.108654
0.656009
0.023616
0.065071
0.086313
0.047872
0.706087
0.053532
0.373495
1.225974
0.130763
0.185374
0.295792
0.550454
0.325785
0.164252
1.162533
0.752701
0.452329
0.222942
0.025006
0.272828
0.065217
0.131231
0.091932
0.155756
0.3494
0.391421
0.601365
0.278661
0.155554
0.02053
0.234658
0.844161
0.20972
0.613808
0.149697
0.451058
0.201417
0.168651
0.731933
0.517007
0.467963
0.130812
0.985425
0.124118
1.657921
0.365648
0.320364
1.039224
0.050203
0.017205
1.137439
0.122098
0.51094
0.068506
0.079127
0.303487
0.024213
0.633129
0.367105
0.117513
0.041969
1.121165
0.456215
0.233496
0.217884
0.080817
0.599248
0.214224
0.077648
0.187384
0.319114
0.024399
0.083016
0.274915
0.164144
0.212446
0.725803
0.365838
0.035431
0.274926
0.482215
0.052952
0.961767
0.622466
0.020454
0.388357
0.092749
0.319735
0.044362
0.241898
0.045529
0.341079
0.344898
0.248787
0.503619
1.505819
0.208237
0.305063
0.013466
0.218164
0.202451
0.083499
0.009774
0.037383
0.710685
0.059922
0.116106
0.031641
0.313512
0.206172
0.129595
0.17414
0.325093
0.39516
0.207607
0.040902
0.383915
0.085982
0.565818
0.621856
0.051938
0.333887
0.053884
0.179628
0.045026
0.143184
0.29011
0.268406
0.025001
0.635741
0.511812
0.276818
0.04628
0.042561
0.231425
0.579978
0.073405
0.056051
0.040798
0.129081
0.04176
0.221485
0.205262
0.33219
0.765513
0.391523
0.468391
0.250379
0.094582
0.638946
0.270745
0.055397
0.209003
0.181556
0.174462
0.468714
0.451826
0.113721
0.340748
0.295165
0.368135
0.291174
0.544276
1.643616
0.05877
0.098154
0.146356
0.002081
0.085813
0.142163
0.227443
0.494375
0.302754
0.263543
0.223135
0.534385
0.419667
0.550018
0.012355
0.036257
0.030985
0.176121
0.062045
0.529963
0.059052
0.146018
0.010951
0.110697
0.304286
0.179335
0.220258
0.789076
0.401478
0.454407
0.207219
0.101851
0.2774
0.778946
0.280437
0.046689
0.215567
0.238965
0.385276
0.021984
0.180213
0.232318
0.023102
0.00404
0.665906
0.397371
0.267582
0.280486
0.205217
0.330663
0.047179
0.055828
0.329565
0.100134
0.00415
0.175834
0.235931
0.874375
0.060117
0.372475
1.020914
0.373809
0.854927
0.546598
0.224505
0.062335
0.200007
1.62032
0.11294
0.068782
0.399222
0.106144
0.386886
0.360134
0.395962
0.255137
0.091438
1.608352
0.792583
0.745188
0.182507
0.308283
0.078025
0.126293
0.732903
0.047988
0.006938
0.955236
0.179498
0.032442
0.165825
0.170912
0.314484
0.158114
0.159212
0.861753
0.030797
0.026902
0.192032
0.619531
0.494327
0.263957
0.283704
0.02675
0.691498
0.034549
0.455437
0.123733
0.121299
0.071191
0.25046
0.123789
0.003342
0.173988
0.001082
0.857412
0.461423
0.670425
0.00184
0.165153
0.295519
0.095817
0.140708
0.020895
0.084462
0.086434
0.200515
0.308239
0.126036
0.071119
0.635178
0.459865
0.682394
0.029402
0.31067
0.04876
0.007629
1.105445
0.155668
1.14721
0.685145
0.058976
0.124761
0.275046
0.139188
0.061919
0.54934
0.459549
0.377942
0.151898
0.223508
0.010202
0.272123
0.179437
0.123144
0.224878
0.365215
1.600216
0.845889
0.611856
0.061286
0.164556
0.135109
0.337285
0.018812
1.709627
0.160289
0.369852
0.169647
0.127926
0.593436
0.227499
0.959908
0.065489
0.234922
0.139885
0.961682
0.500794
0.481871
1.194035
0.063102
0.212234
0.80047
0.632906
0.334902
0.107136
0.299541
0.265167
0.686829
0.005429
0.039307
0.215564
0.044667
0.12086
0.255739
0.152259
0.011637
0.007705
0.043075
0.555162
0.465355
0.033898
0.393731
0.735079
0.775816
0.673279
0.138235
0.006291
0.220003
0.506303
1.191331
0.377226
0.208626
0.419205
0.244641
0.503483
0.841621
0.341541
0.002777
0.121363
0.487376
0.061301
0.144777
1.442311
0.439204
0.389885
0.102746
0.199795
0.101255
0.362984
0.123463
0.640548
0.042863
0.057307
0.47814
0.083263
0.050182
0.109645
0.445782
0.053517
0.014795
0.496401
0.519324
0.021839
0.454317
0.181054
1.172726
0.098138
0.108649
0.211133
0.243425
0.145269
0.329088
0.560028
1.275393
0.101728
0.152321
0.064461
0.065044
1.039242
0.070425
0.152986
0.138662
0.121553
0.032218
0.96219
0.30215
1.158683
0.009633
0.061562
0.505528
0.743198
0.208938
0.041304
0.086646
0.266891
0.038678
0.176851
0.140168
0.645475
0.081898
0.140647
0.049283
0.430218
0.148804
0.252278
0.167123
0.285071
0.028938
0.246334
0.165503
0.56916
0.112183
0.189741
0.084767
0.262271
0.134323
0.169983
0.086838
0.376668
0.055465
0.157995
0.016365
0.027885
0.826375
0.449653
0.506557
1.413771
0.109537
0.085043
0.081968
0.551521
0.537773
0.020316
0.363157
0.024556
0.124627
0.182183
0.134069
0.156006
0.038492
0.204961
0.111402
0.221364
0.13669
0.252497
0.72936
0.21414
0.21833
0.005936
0.617848
0.024315
0.392971
0.170435
0.279573
0.12966
0.090227
0.232907
0.006264
0.315049
0.069205
0.339026
0.292849
0.359797
0.1582
0.049144
0.003431
0.09195
0.723796
0.299301
1.387881
0.29986
0.110228
0.287879
0.224437
0.772488
0.651193
0.09281
0.315627
0.364942
1.0234
0.033286
0.128933
0.020432
0.050446
0.61901
0.363043
0.033818
0.076066
0.149732
0.912921
0.630071
0.424732
0.053598
0.124344
2.048281
0.022667
0.001073
0.060552
0.436082
1.382701
0.388786
0.234103
0.200074
0.049657
0.097622
0.005651
0.067023
0.422807
0.019043
1.343698
0.000645
0.293796
0.120528
0.651444
0.134267
0.039891
0.206933
0.170356
0.27589
0.233125
0.014006
0.400417
0.243404
0.067833
0.439828
0.30496
0.715186
0.026033
0.269678
0.096578
0.255883
0.235137
0.154456
0.025137
0.192905
0.094151
0.240441
0.208049
0.100535
0.408946
0.179708
0.652772
0.412052
0.313186
0.144088
1.248962
0.284919
1.647501
0.086075
0.490492
0.725146
0.307264
0.051385
0.543802
0.167081
0.120786
0.053449
0.304127
0.020358
0.157237
0.165582
0.116458
0.786825
0.276423
0.216772
0.00968
0.652987
0.328048
0.101314
0.005152
0.059661
0.367716
0.199801
0.085428
0.306933
0.201843
0.168331
0.077665
1.63127
0.453995
0.07358
0.24771
0.521561
0.092439
0.203051
0.254215
0.258942
0.287993
0.011798
0.281941
0.016798
0.236508
0.007365
0.408374
0.055715
0.68801
0.127395
0.102536
0.279904
1.016091
0.544913
0.528438
0.066202
0.584364
0.029024
0.127277
0.016587
0.265759
0.143756
0.052383
0.322473
0.802187
0.404335
0.163686
0.257321
0.145712
0.657969
0.198775
0.144299
0.183469
0.169487
0.047831
0.876943
0.055914
0.253331
0.139056
0.074115
0.075385
0.081169
0.209321
0.018272
0.380942
0.333738
0.263046
0.296442
0.237663
0.900111
0.722289
0.079646
0.08321
0.077141
1.494269
0.363629
0.14224
0.141451
0.36747
0.023516
0.028863
0.427783
2.321522
0.348742
0.131518
0.096779
0.405341
0.423069
0.150838
0.081491
0.516936
0.184668
0.282609
0.027097
0.535285
0.048639
0.00314
0.043753
0.033937
0.217292
0.682103
0.286289
1.690249
0.200158
0.298724
0.039247
0.272393
0.209552
0.567756
0.274934
0.256603
0.090147
0.116865
0.475806
0.040695
0.04117
0.051402
0.394098
0.169041
0.136055
0.494311
0.366759
0.045201
0.004972
0.072384
0.055383
0.322706
0.022476
0.134206
0.090883
0.097494
0.218911
0.558481
0.110495
0.247554
0.200258
0.022838
0.112465
0.225514
0.172772
0.581587
0.162532
1.367793
0.250404
1.021478
0.25355
0.372235
0.783779
1.100014
0.357948
0.059216
0.055263
0.38373
0.213827
0.173173
0.45084
0.586039
0.118654
0.16489
0.049411
0.052112
0.088682
0.09595
0.332723
0.017206
0.012304
0.111929
0.020742
0.791851
0.105601
0.109755
0.144097
0.411678
0.532639
0.163477
0.125998
0.974126
0.074831
0.157079
0.077987
0.085354
0.046309
0.121767
0.266946
0.504097
0.156692
0.423031
0.236277
0.233218
1.448439
0.352075
0.034549
1.288935
0.347874
0.351893
0.055115
0.254829
0.896248
0.176606
1.784749
0.107722
0.360851
0.013858
0.577338
0.00424
0.044837
1.178706
0.004068
0.901535
0.124405
0.139694
0.177346
0.318113
0.146586
0.001398
0.392264
0.160521
0.154305
0.302267
0.271563
0.194269
0.061089
1.550726
0.654778
0.017818
0.344013
0.33864
0.269997
0.107662
0.335511
0.136567
0.477649
0.0925
0.151369
0.073794
0.049716
0.978996
0.035602
1.832716
0.055321
0.137005
0.511187
0.047937
0.242707
0.17966
0.000496
0.663811
0.581755
0.391753
0.514146
0.509798
1.383026
0.306602
0.728969
0.672582
0.848657
0.227241
0.089608
0.424647
0.033453
0.126227
0.042598
0.231464
0.149333
0.531827
0.133227
0.033383
0.010854
0.067521
0.242961
0.253795
0.071485
0.025459
0.103046
0.363584
0.013363
0.050291
0.233683
0.085588
0.091268
0.154819
0.321072
0.064206
0.293243
0.071004
0.324563
0.069997
0.035696
0.243665
0.259175
0.077984
0.174765
0.605104
0.03904
0.017459
0.103105
0.303708
0.08699
0.04778
0.988737
0.297768
0.442357
0.300204
0.159339
0.152549
0.063818
0.133351
0.198788
0.139156
0.254304
0.228466
0.620927
0.491738
0.183957
1.239961
0.493005
0.973154
0.457161
0.205662
0.298374
0.195047
0.044013
0.323024
0.054852
0.223766
0.147526
2.111434
1.354551
0.241629
0.222337
0.254532
0.384945
0.464435
0.756582
0.064232
0.634261
0.607501
0.028721
0.058649
0.735262
0.289762
1.081739
0.187435
0.218042
0.066414
0.021638
0.21759
0.163221
0.593902
0.127282
0.754933
0.566404
0.276231
0.132635
0.251628
0.285427
0.727299
0.440529
0.197203
0.108425
0.079458
0.015239
0.522812
0.050881
0.065816
0.207183
0.016642
0.414543
0.288441
0.040535
0.070057
0.169064
0.323539
0.051878
0.272897
0.279633
0.004425
0.429155
0.522155
0.152839
0.167457
0.02537
0.155973
0.023052
0.190579
0.196175
0.160654
0.139386
0.102511
0.967148
0.499085
0.107046
0.105138
0.080628
1.75737
2.613847
0.264959
0.486493
0.40643
0.015
0.354865
0.956372
0.003979
0.103471
0.325215
0.307455
0.465709
0.661759
0.183914
0.421258
0.085141
0.262238
0.008123
0.026405
0.336279
0.117995
0.059214
0.301103
0.00389
0.184355
0.221127
0.443597
0.375885
0.063183
1.426228
0.427119
0.879867
0.24726
0.004354
1.41881
0.070372
0.702076
0.055517
0.594325
0.335611
0.015394
0.198778
0.011817
0.478993
0.011937
0.098141
0.07257
0.180345
0.542417
0.10737
0.173867
0.621709
0.035667
0.482937
0.197859
0.306146
0.00931
0.21997
0.398824
0.221076
0.074431
0.032367
0.280836
0.094666
0.288405
0.255304
0.184153
0.013716
0.118037
0.359742
0.10821
0.147409
0.346485
0.208062
0.174768
0.493563
0.345064
0.188964
0.085544
0.372525
0.6685
0.359424
0.050272
0.127595
0.20094
0.187339
0.014466
0.315534
0.136572
0.096965
0.201817
0.035894
0.531138
0.735127
0.152311
0.312006
0.288533
0.111678
0.144986
0.018646
0.130361
0.184651
0.200065
0.097304
0.068182
0.026106
0.923791
0.180268
0.304342
0.141658
0.554012
0.067519
0.032177
0.080638
0.100685
0.208395
0.378023
0.855052
0.023669
0.080374
0.160428
0.171457
0.104053
0.026468
0.095763
0.134324
0.053843
0.063615
0.295077
0.321975
0.275377
0.082916
0.65924
0.458374
0.267463
0.088156
0.043079
0.507659
0.502119
0.504104
0.262384
0.569239
0.091318
0.37581
0.690213
0.363033
0.483173
0.674346
0.0679
0.315607
0.043198
0.406435
1.397779
0.553675
0.078074
0.021854
0.726292
0.339171
0.576698
0.873302
0.204619
0.335698
0.234821
0.038691
1.136831
0.178387
0.22046
0.222782
0.182909
0.168681
0.284068
0.474416
1.595367
0.037512
0.133696
0.130582
0.074267
0.077831
0.289066
0.651053
0.086792
0.111359
0.48145
0.072192
0.187426
0.01745
0.051408
0.243966
0.031256
0.023875
0.822851
0.118633
0.181473
0.841277
0.547782
0.437019
0.474342
0.02955
0.059135
0.081002
0.070418
0.209751
0.008722
0.04146
0.063071
0.129669
0.027894
0.115928
0.081888
0.013158
0.043391
0.098667
0.076927
0.000953
0.204248
0.003499
1.468897
1.246225
0.569581
0.21234
0.155134
0.009698
0.11449
0.630391
0.420895
0.358897
0.249108
0.792823
0.051696
0.296972
0.156489
0.835712
0.057046
0.122009
0.243335
0.006855
0.358031
0.051916
0.465548
0.460678
0.541409
0.155344
0.35187
0.024866
0.513612
0.240851
0.307263
0.124933
0.690355
0.50194
0.44119
0.433509
0.04757
0.285902
0.042199
0.206321
0.245661
0.01674
1.033693
0.158056
0.189818
0.33454
0.258554
0.051049
0.275007
0.948928
0.565543
0.138392
0.099281
0.459161
0.003783
0.499088
0.261099
0.258947
0.930118
1.106036
0.292865
0.325963
0.323438
0.017627
0.790068
0.130028
0.318855
1.2921
0.235281
0.026221
1.274284
0.044697
0.282863
0.7385
0.365836
0.238683
0.759447
0.113772
0.101363
0.111048
0.613297
0.609301
0.206341
0.646853
0.005464
0.050698
0.146696
0.368092
0.342385
0.221088
0.028787
0.5468
0.035015
0.069148
0.605524
0.031196
0.244618
0.798632
0.059602
0.057211
0.262975
0.058927
0.331149
0.443838
0.39204
0.532056
0.552185
0.562987
0.051748
0.033326
0.015284
0.245135
0.473951
0.070713
0.802896
0.154082
0.630809
1.557089
0.394065
0.031184
0.18228
0.603942
0.438351
0.926177
0.216197
0.011832
0.271075
1.332646
0.155305
0.220107
0.031943
0.093771
0.030834
0.18164
0.315276
0.579495
0.965702
0.551182
0.000846
0.249061
0.158185
0.064785
0.081015
0.101635
0.179101
0.628585
0.095797
0.310964
0.275037
0.482253
0.534283
0.356001
0.06397
0.104789
0.340355
1.177363
0.226224
0.140311
0.170287
0.471639
0.031706
0.262149
0.224261
0.05009
0.39762
0.075466
0.232991
0.105871
0.167049
0.066188
0.094116
0.067207
0.052065
0.2704
0.09236
0.098984
0.04785
0.315448
0.110059
0.138073
0.141149
0.666667
0.500919
0.153108
0.787452
0.369847
0.356493
0.365329
0.387899
0.794659
0.730526
0.126503
0.087068
0.038988
1.00963
0.812219
0.232401
1.377803
0.36487
0.258328
0.191045
0.377653
0.375015
0.093255
0.149167
0.619381
0.168019
0.366595
0.122769
0.200142
0.265796
0.055747
0.493814
0.016414
0.59649
0.208975
0.002573
0.06844
0.293424
0.615214
0.607257
0.082972
0.507601
0.109236
0.228169
0.036134
0.405379
0.842638
0.094413
0.260369
0.099459
0.741717
1.00549
0.731707
0.015619
0.204953
0.136192
0.666467
0.063866
0.006915
0.195991
0.575353
1.541357
0.060073
0.572287
0.610966
0.954329
0.043371
0.318418
0.713893
0.033966
0.728678
0.077226
0.020377
0.073079
0.0453
0.296553
0.161957
0.19793
0.089608
0.008169
0.197062
0.31927
0.312638
0.043527
0.620772
0.150079
0.057766
0.29878
0.181048
0.165028
0.24892
1.606015
0.05116
0.892949
0.082982
0.089012
0.335832
0.850777
0.042881
0.078232
0.106123
0.92766
0.039677
1.128972
0.049945
0.20315
0.330488
0.040259
0.476576
0.640861
0.044964
0.120584
0.194382
0.467346
0.287958
0.373308
0.870997
0.949384
0.344558
0.549675
0.266193
0.106584
0.072123
0.12673
0.167935
0.341626
0.116033
0.098788
0.382284
0.007342
0.187001
0.016962
1.094234
0.074032
0.170036
0.007864
0.153723
0.189504
0.409087
0.066608
0.333601
0.299869
0.013428
0.056364
0.604986
0.410986
0.702741
0.23537
0.309652
0.074017
1.048801
0.044519
0.244994
0.278836
0.926993
0.098686
0.157798
0.368992
0.081838
0.078823
0.145721
0.366891
0.102255
0.108546
0.049025
1.145597
0.113245
0.224504
0.327616
0.033429
1.272145
0.119285
0.008537
0.072809
0.160364
0.239718
0.376175
0.636117
0.194338
0.124242
1.285515
0.087932
0.011808
0.30586
0.284821
0.131293
0.039959
0.723058
0.091264
0.780882
0.495916
0.052906
0.051304
0.187612
0.060661
0.038246
0.193293
0.188651
0.230846
0.517183
0.21732
0.110356
0.678222
0.363898
0.519097
1.320297
0.732506
0.674952
0.041437
0.475765
0.014257
0.103366
0.190411
0.05379
0.095426
0.050738
0.278082
0.042699
0.029172
0.581026
0.216625
0.185708
0.073717
0.122985
0.313647
0.351779
0.037396
0.465099
0.003328
0.038287
0.102079
0.012184
0.005035
0.02481
0.20764
0.304485
0.087246
0.185458
0.075282
0.249744
0.216741
0.372271
0.299812
1.011307
0.702467
0.041222
0.468524
0.362233
0.106904
0.690265
0.066887
0.004796
0.173717
0.481929
0.084746
0.14781
0.136477
0.307875
0.598109
0.414161
0.480309
0.169436
0.008597
0.09507
0.070941
0.194338
0.267379
0.200597
0.26304
0.056298
0.148129
0.061898
0.22709
0.229217
0.116863
0.245528
0.077947
0.632789
0.598171
0.194477
0.266299
0.068253
0.062743
0.057671
0.035613
0.022224
0.182769
0.325485
0.251148
0.179259
0.60514
0.249312
0.182872
0.177152
0.453571
0.34288
0.492948
0.061238
0.086585
0.806601
0.040432
0.056654
0.693208
0.820731
0.340703
0.181235
0.386796
0.750283
0.917795
0.884886
0.815321
1.01554
0.322923
0.305539
0.08083
0.010494
0.141746
0.078229
0.190373
0.375261
0.270196
0.041258
0.438125
0.742651
0.059166
0.521351
0.628604
0.247514
0.273589
0.667454
0.03351
0.056957
0.041039
0.193421
0.205009
0.032635
0.092656
0.018203
0.097994
0.028975
0.152416
0.131294
0.109177
0.088293
2.36499
0.201931
0.605626
0.266436
0.289494
0.22625
0.091273
0.135852
0.208354
0.168164
0.079828
0.056939
0.335677
0.43585
0.092826
0.44977
0.252327
0.127044
0.356241
0.128781
0.139122
0.140445
0.466133
0.712164
0.022594
0.238094
0.070583
0.412601
0.340093
0.005838
0.176855
0.059201
0.601711
0.705928
0.119108
0.132982
0.225541
0.138226
0.388873
0.106694
0.17941
0.48104
1.203851
0.201781
0.338418
1.62795
0.345278
0.402538
0.20989
0.042133
0.225241
0.05632
0.244162
0.148835
0.193227
0.05925
0.018134
0.085446
0.292671
0.430275
0.322734
0.042266
0.313164
0.634965
0.255411
1.323915
0.048553
0.036038
0.776875
0.22198
0.153877
0.263474
0.143099
0.171753
0.012132
0.545829
0.01177
0.199523
0.175973
0.033062
0.178939
0.035268
1.500198
0.113908
0.019223
0.049302
0.02463
0.548562
0.399881
0.216472
0.224273
0.129413
0.009928
0.388319
0.120564
0.302322
0.037622
0.056639
0.620956
0.025534
0.610104
0.625738
0.109383
0.006086
0.240801
0.528351
0.18225
0.245156
0.147721
0.358575
0.006412
0.053669
0.379065
0.029409
0.525158
0.113656
1.17713
0.337758
0.705904
0.91134
0.000388
0.148018
0.684617
0.043319
0.334355
0.946016
0.496714
0.237021
0.312233
0.057216
0.230469
1.582609
0.085554
0.12074
0.666619
0.032644
1.793683
1.176114
0.020291
0.503399
1.000825
0.48216
0.924048
0.415492
0.585698
0.127454
0.065254
0.58785
0.056876
0.375641
0.081071
0.821431
0.172943
0.064115
0.056793
0.084127
0.426417
0.347204
0.785171
0.070077
0.098275
0.166004
0.311117
0.055077
0.686167
0.098313
0.139411
0.220759
0.167576
0.035118
0.007816
0.336643
0.066194
0.13221
0.260771
0.305865
0.057441
0.076289
0.301016
0.025211
0.067342
0.093038
0.034121
0.395545
0.001096
0.157125
0.138961
0.105285
0.309838
0.304056
0.117473
0.27845
0.309635
0.026081
0.733132
0.200599
1.121082
0.199747
0.503529
0.598414
0.705418
0.090046
0.485688
0.957331
0.099422
0.120217
0.556885
0.114207
0.109864
0.517943
0.199872
0.083141
0.927909
0.22102
0.060112
0.425913
0.088001
0.27986
0.25533
0.020847
0.224426
0.022644
0.308317
0.123109
1.108381
1.104477
0.270641
0.21773
0.075134
0.001778
0.204552
0.021204
0.229391
0.090173
0.22201
0.059471
0.693791
0.087188
0.101054
0.761645
0.10802
0.093187
0.258298
0.46632
0.209076
0.482306
0.858124
0.047066
0.475562
0.079529
0.598631
0.804699
0.336638
0.138159
0.012699
0.075187
0.117871
0.54511
0.139729
0.249237
0.447581
1.007177
0.085407
0.893982
0.18235
0.183246
0.173102
0.010597
0.259033
0.127814
0.625948
0.040772
0.178628
0.256481
1.585632
0.556392
0.49622
0.195787
0.221703
0.051037
0.164516
0.126108
0.409141
0.632096
0.038631
0.561848
0.537911
0.225352
0.343553
0.032845
2.67825
0.280374
0.295285
0.437938
0.565306
0.319443
0.142971
0.217579
0.574744
1.187209
0.047488
0.105612
0.496771
0.305988
0.023526
0.197182
0.486095
0.11219
0.192964
0.068162
0.415759
0.338673
0.329494
0.351869
1.30182
0.065149
0.015495
0.227147
0.514731
0.501825
0.001451
0.825099
0.107033
0.011467
0.300473
0.509039
0.484682
0.710699
0.843277
0.199098
0.38971
0.037001
0.252635
0.070314
0.422764
0.35408
1.067372
1.812877
0.289119
1.581286
0.814483
0.091545
0.541051
0.07627
0.584739
0.04293
0.030177
0.815111
0.387946
0.125133
0.095331
0.067751
0.346197
0.249743
0.709881
0.520992
0.211944
0.421402
0.815811
0.15517
0.420839
0.092013
0.353876
0.070256
0.082934
0.074638
0.255184
2.058479
0.566993
0.031532
2.39456
0.872965
0.284822
0.659843
0.202032
0.07988
0.227944
0.177213
0.2193
0.572959
0.041879
0.109116
0.219713
0.006839
1.266799
0.028889
0.19867
0.484576
0.693878
0.086853
0.403757
0.204815
0.140135
1.488967
0.163276
0.391428
0.33144
0.25707
0.272381
0.137523
0.050898
0.73024
0.041031
0.149419
0.127106
0.63233
0.072573
0.109651
0.772859
0.520571
0.018142
0.037347
0.106073
0.334899
0.03835
0.233232
1.400585
0.486498
0.096272
0.772217
0.524897
0.232668
0.054237
0.450106
0.073933
0.278518
0.344024
0.489113
0.747071
0.112299
1.78454
0.71932
0.131222
0.407972
0.269961
0.165667
0.436727
0.312533
0.051055
0.241643
0.114409
0.023228
0.104073
0.462892
0.004724
0.004614
0.280407
0.619151
0.741262
0.17261
0.268384
0.105358
0.174654
0.441218
0.114962
0.32371
0.205642
0.295717
0.13859
1.80945
0.328637
0.867454
0.271781
0.383398
1.648773
0.886201
0.203855
0.244703
0.559813
0.102095
0.288062
0.121782
0.052487
1.01919
0.344222
0.636932
0.082999
0.330961
0.49008
0.045259
0.410995
0.350257
0.142962
0.334565
0.715083
0.242548
0.057314
0.203944
0.386831
0.525669
0.252988
0.212943
0.371708
0.662241
0.035531
0.423598
0.445987
0.189231
0.234949
0.030107
0.445623
0.1779
0.210296
0.356855
0.189875
0.13976
1.646031
0.161619
0.053592
0.404195
0.111616
0.19329
0.208493
0.071293
0.383447
0.400801
0.200042
0.08681
0.171136
0.018097
0.540494
0.107921
0.385998
0.627772
0.159789
0.233679
0.587505
0.889723
0.017209
0.388671
0.306707
0.173988
0.492568
0.100089
0.398624
0.526385
0.03503
0.021171
0.568737
0.119103
0.291206
0.396215
0.291253
0.391569
0.152928
0.314344
0.137402
1.811784
0.130922
0.227545
0.630315
0.321799
0.346129
0.027963
0.131428
0.433242
0.849532
0.032892
1.454173
0.177945
0.174217
0.184793
0.700148
0.994497
0.482497
1.028362
0.084291
0.057264
0.240381
0.630696
0.798712
0.552588
0.107462
0.040928
0.112001
0.103533
0.107465
0.024598
0.477952
0.693124
0.114435
0.227629
0.417798
0.40019
0.255705
0.024221
0.208628
0.076676
0.086326
0.590798
0.37311
0.178147
0.268347
0.07066
0.056738
0.072408
0.767553
0.879543
0.121453
0.695965
0.135486
0.158229
0.055854
0.174681
0.038503
0.875238
0.079039
0.142775
0.453012
0.153779
0.296384
0.105531
0.363011
0.438868
0.284098
0.095601
1.034387
0.099009
0.183898
0.897784
0.080738
0.267619
0.005738
0.073379
0.015008
0.188907
0.135153
0.910193
0.58115
0.140315
0.007295
0.265455
0.089389
0.245848
0.08115
0.298765
0.365232
0.01071
0.011474
0.003145
0.085343
0.468343
0.274394
0.599697
0.276048
1.553023
0.216261
0.320025
0.218699
0.347381
0.376915
0.19143
0.1322
0.470868
0.03155
0.130821
0.183256
0.176648
0.104785
0.257888
0.056718
0.103078
0.683135
0.330953
0.54511
0.029218
0.079558
0.017619
0.065229
0.992419
0.11931
1.641306
0.015622
0.093661
0.469821
0.100959
0.210766
0.088041
0.148084
0.009873
0.783201
0.338581
0.126131
0.248088
0.58289
0.310112
0.212981
0.238071
1.279065
1.005303
0.026189
0.254184
0.136359
1.436974
0.283492
0.401246
0.516071
0.129577
0.173249
0.667508
0.046291
0.340907
0.068704
0.622869
0.151019
0.267119
0.127662
0.299399
0.024774
0.192475
0.241945
0.125967
0.352454
0.370629
0.172194
0.11782
0.085661
0.264871
0.904871
0.444398
0.419711
0.277599
0.104478
0.11773
0.545539
0.016646
0.132702
0.476356
0.032654
0.77742
0.063126
0.155319
0.488483
0.068647
0.200673
0.630214
0.092576
0.072246
0.376943
0.268712
0.265598
1.029282
0.111561
0.12622
0.627061
0.261679
0.257672
0.101685
0.179485
0.135136
0.202667
0.005933
0.314073
0.831062
0.176397
0.07483
0.050027
0.312058
0.648072
0.175498
0.093547
0.236572
0.112763
0.980614
0.049693
0.061596
0.036249
0.305214
0.018648
0.056395
0.486028
0.252586
0.097203
0.144577
0.349885
0.345531
0.207884
0.042094
0.286949
0.173893
0.067717
0.549327
0.440274
0.023898
0.420619
0.594794
0.267096
0.23981
0.454891
0.296668
0.323708
0.393142
0.863493
0.288999
0.06668
0.222796
0.304409
0.368601
0.885227
0.149825
0.072855
0.201696
0.178634
0.038551
0.144489
0.452689
0.183603
0.524408
0.036201
0.029029
0.014967
0.290253
0.113397
0.159699
0.511323
0.699101
0.212105
0.366276
0.052068
0.353073
0.106993
0.050646
0.132411
0.032952
1.26446
0.794923
0.275621
0.026582
0.072235
0.314448
0.538554
1.318671
0.114446
0.284739
0.059449
0.940441
0.252844
0.313856
0.022975
0.23849
0.081416
0.003095
0.048589
0.619023
0.053057
0.055284
0.3381
0.016643
0.282736
0.438044
0.8085
0.290292
0.248374
0.182944
0.790385
0.066343
0.164183
0.01395
0.090315
0.041639
0.060884
0.089797
0.157397
0.112971
0.283182
0.211907
0.568476
0.231972
0.131386
0.46961
0.051982
0.001771
0.69743
0.2498
0.063336
0.004283
0.184023
0.459954
0.124489
0.295956
0.383523
0.307614
0.305493
0.535513
0.300166
0.72312
0.018251
0.066438
0.09714
0.215253
0.209856
0.063322
0.025797
0.030394
0.482165
0.007606
0.141189
0.075038
0.31748
0.28326
0.351481
1.334633
1.009496
0.168078
0.43686
0.458862
0.255277
0.05252
0.28161
0.531919
1.591408
0.373072
0.333035
0.252713
0.726983
0.145413
0.263719
0.115051
0.73392
0.286815
0.055093
0.004874
0.264412
0.098764
1.192922
0.012034
0.111705
0.054486
0.395676
0.467098
0.001715
1.230365
0.124278
0.570986
0.457558
0.352013
0.053271
0.844503
0.068248
0.980882
0.354925
0.119973
0.359907
0.705132
0.911235
0.008511
0.971858
0.087176
0.398268
0.102026
0.26856
0.020332
1.471093
0.294835
0.110887
0.703125
0.117686
0.175856
0.741195
0.423851
0.224235
0.068185
0.662611
0.67029
0.141209
0.200311
0.778818
0.210072
0.033432
0.026824
0.098762
0.205985
0.536207
0.48949
0.094839
0.245695
0.07389
0.073529
0.052152
0.019269
0.140532
0.502938
0.032025
0.274675
0.280071
1.175918
0.244629
0.080718
0.2684
0.401966
0.214634
0.325062
0.038747
0.754449
0.375911
0.017502
0.083926
0.252786
0.0998
0.002577
0.301386
0.188147
0.067322
0.112821
0.093965
0.123786
0.08948
0.014995
0.077416
0.120503
0.298831
0.077402
0.03308
0.185572
0.617178
0.082811
0.205064
1.004959
0.131977
0.545088
0.164885
0.483559
0.422386
0.287155
0.238634
0.035016
0.826763
0.210098
0.073041
0.01917
0.44491
0.114922
0.58837
0.104842
0.190001
0.047953
0.972073
0.397073
0.105865
0.158156
0.475982
0.017693
0.017938
0.005515
0.073506
0.06847
1.371955
0.104638
0.601302
0.236095
0.249523
0.301436
0.398828
0.076139
0.53984
0.268164
0.36125
0.269855
0.129225
0.950404
0.199869
0.041212
0.096255
0.189182
0.514919
1.29478
0.750752
0.061498
0.364525
0.143246
1.046858
0.233353
0.964702
0.999248
0.288595
0.178098
0.03569
0.338588
0.145919
0.340771
0.542578
0.647992
0.005317
0.002434
0.916506
0.594462
0.903747
0.220627
0.042408
0.119583
0.416751
0.150197
0.094029
0.015637
0.112258
0.357252
0.319588
0.08088
0.147325
0.345527
0.05991
0.513077
0.68214
0.274462
0.034694
0.823485
0.663513
0.007713
0.360225
0.007417
0.411873
0.364968
0.045174
0.053976
0.665369
0.148282
0.032259
0.485279
0.398822
0.037203
0.419555
0.043261
0.307853
0.799983
0.009729
0.120275
0.351136
1.112898
0.101918
0.282108
0.06463
0.115981
0.019069
0.065649
0.562334
0.468728
0.114464
0.072451
0.158645
0.026002
0.193722
0.349085
0.127696
0.069383
0.069918
0.206798
0.212447
1.131902
0.251956
0.134468
0.146579
0.386108
0.503705
0.89408
0.372258
0.139421
0.228674
0.273525
0.09982
0.26235
0.150545
0.341536
1.010762
0.035223
0.242038
0.138337
0.949237
0.057235
0.401034
0.028797
0.813335
0.1694
1.171125
0.448817
0.163769
0.184744
0.35748
0.825396
0.019608
0.157096
0.469262
0.579621
0.489737
0.50649
0.002788
0.278826
0.032648
0.02132
0.527378
0.415933
0.230578
0.124237
0.235376
0.591095
0.006843
0.03915
0.182145
0.250973
0.078453
0.335143
0.052367
0.610502
0.031368
0.411004
0.17503
0.042077
0.408112
0.023124
0.434867
0.390676
0.281668
0.037396
0.320515
0.067243
0.383412
0.521588
0.118136
0.643184
0.218696
0.031452
0.096246
0.35738
0.875737
0.331764
0.02094
0.582629
0.090147
0.221529
0.028398
0.117875
0.067637
0.479815
0.040857
0.090112
0.258621
0.463685
0.048121
0.014416
0.226753
1.392548
0.02197
0.064183
1.138328
0.231598
0.229251
0.216967
0.324887
0.353062
0.974545
0.298281
0.184292
0.283058
0.316526
0.728263
0.167676
0.894593
0.382294
0.163319
0.132891
0.198552
0.030083
0.04807
0.38953
0.347145
0.494819
0.131157
0.77116
0.101459
0.809558
0.43165
0.510673
0.569345
0.097109
0.039832
0.128844
1.010702
0.326513
0.151788
0.163546
0.808262
0.141869
0.286998
0.36141
0.12332
0.109494
0.087071
0.311892
0.099743
0.029308
0.125713
1.052328
0.62893
0.556084
0.452068
0.665539
0.393129
0.437097
0.191946
0.336385
0.271792
0.066666
0.099634
0.154621
0.177948
0.37443
0.131204
0.701946
0.078932
0.684604
0.101643
0.286559
0.008954
0.254922
0.034409
0.46794
0.083214
0.456978
0.957662
1.053925
0.177843
0.545309
0.012735
0.126618
0.112577
0.169751
0.151201
0.537097
0.196818
0.063191
0.513641
0.169615
0.348449
0.021244
1.264381
0.838716
0.661224
0.108051
0.24729
0.095489
0.319438
0.483108
0.321602
0.052399
0.015286
0.052534
0.16456
0.565188
0.82975
0.070675
1.270425
0.974871
0.680979
1.11937
0.30922
0.775728
0.211814
0.053718
0.224764
0.110368
0.037646
0.567029
0.068815
0.62293
0.662317
0.122465
0.174906
0.310714
0.02081
0.065909
0.097332
0.306781
0.233464
0.163944
0.137431
0.043019
0.237795
0.211793
0.448266
0.579543
0.248059
0.469746
0.136439
1.645606
0.211222
0.086851
0.044703
0.577377
0.125744
0.353575
0.314697
0.061287
0.624795
0.056288
0.067291
0.1322
0.295714
0.822901
0.106721
0.491636
0.453043
0.366088
0.018028
0.197762
0.091572
0.303068
0.137866
0.03711
0.041028
0.351669
0.044313
