0.177206
0.072077
0.033109
0.052509
0.197501
0.203266
0.356315
0.118525
0.046546
0.040174
0.151368
0.127572
0.616974
0.080492
0.137958
0.042574
0.054677
0.099719
0.098635
0.17179
0.241757
0.093981
0.05884
0.262948
0.028063
0.070216
0.193879
0.123086
0.408435
0.087039
0.185153
0.18642
0.19113
0.217817
0.142432
0.214382
0.039251
0.108894
0.099403
0.031695
0.163746
0.090218
0.093786
0.078041
0.06148
0.260801
0.067823
0.226926
0.140672
0.329621
0.120001
0.255647
0.293722
0.269779
0.093706
0.041261
0.41059
0.076206
0.27136
0.046396
0.03601
0.044411
0.185817
0.267437
0.15143
0.102229
0.106829
0.025685
0.236604
0.098519
0.090725
0.069842
0.082414
0.158966
0.180812
0.093262
0.110574
0.110984
0.139452
0.118336
0.109116
0.120191
0.240644
0.168178
0.091968
0.158055
0.056565
0.107044
0.18514
0.088725
0.166258
0.05266
0.103688
0.067367
0.137299
0.134967
0.077369
0.069281
0.128764
0.096501
0.28302
0.154079
0.153257
0.065904
0.100212
0.20662
0.079596
0.151255
0.069791
0.162219
0.081562
0.038062
0.204048
0.312011
0.105444
0.06894
0.04749
0.099221
0.050943
0.371235
0.112779
0.256395
0.143771
0.183156
0.106159
0.126684
0.048853
0.308952
0.47191
0.047555
0.183014
0.334147
0.415661
0.059703
0.177543
0.236969
0.077044
0.081461
0.100254
0.242578
0.079714
0.140262
0.09969
0.055213
0.057102
0.13754
0.258454
0.431463
0.151817
0.05413
0.118743
0.162969
0.115488
0.172413
0.070223
0.052908
0.207729
0.170176
0.157049
0.076511
0.244064
0.17431
0.312168
0.180021
0.259335
0.183967
0.157592
0.148451
0.066494
0.119657
0.052491
0.280208
0.064482
0.254172
0.131523
0.07337
0.131029
0.13338
0.064137
0.111769
0.131521
0.198087
0.111083
0.07648
0.296555
0.507423
0.169576
0.122823
0.136972
0.162088
0.146487
0.255146
0.053741
0.077015
0.081693
0.226669
0.145456
0.692714
0.094759
0.27084
0.257149
0.094395
0.078346
0.081087
0.043952
0.065317
0.115871
0.141205
0.068508
0.32443
0.164997
0.216485
0.132775
0.058597
0.441406
0.120273
0.502278
0.075639
0.014861
0.232663
0.091983
0.071914
0.049475
0.13417
0.062362
0.343633
0.155662
0.024754
0.089328
0.0748
0.098641
0.210855
0.548276
0.256655
0.154621
0.191698
0.05098
0.150699
0.064079
0.041146
0.165776
0.11984
0.037591
0.132681
0.276958
0.150515
0.079634
0.200724
0.130686
0.333167
0.166988
0.064143
0.098002
0.141703
0.258774
0.16692
0.018183
0.11308
0.17636
0.096393
0.306647
0.23103
0.26848
0.053136
0.035255
0.046293
0.1462
0.067495
0.256316
0.116803
0.605661
0.155373
0.038334
0.071594
0.169628
0.292265
0.097859
0.118845
0.169587
0.144802
0.555118
0.0834
0.137331
0.03576
0.146985
0.236254
0.190055
0.050926
0.052915
0.180255
0.278293
0.06926
0.026431
0.252191
0.147054
0.269639
0.139619
0.131572
0.092374
0.44028
0.249844
0.346683
0.045987
0.221963
0.041484
0.372207
0.235329
0.166019
0.169407
0.153597
0.377882
0.384649
0.295793
0.195694
0.112395
0.160013
0.019491
0.198066
0.082835
0.296918
0.171364
0.397296
0.180053
0.414012
0.21016
0.130449
0.143474
0.089959
0.266269
0.082518
0.058813
0.076178
0.153003
0.256726
0.085675
0.441642
0.167754
0.048076
0.048429
0.037779
0.219582
0.130786
0.080754
0.564573
0.080009
0.254302
0.102074
0.138114
0.412837
0.06097
0.0808
0.065877
0.107871
0.339536
0.100636
0.048338
0.096017
0.050591
0.123993
0.268119
0.257302
0.113913
0.289561
0.228474
0.156583
0.074395
0.245064
0.122125
0.052205
0.101056
0.129199
0.295003
0.183303
0.087686
0.182956
0.083391
0.469195
0.146431
0.156094
0.135348
0.132851
0.148114
0.115682
0.059663
0.231487
0.153198
0.09335
0.10779
0.151367
0.209878
0.591779
0.069743
0.139289
0.101772
0.185334
0.150095
0.127154
0.129164
0.250072
0.07888
0.180009
0.144522
0.264843
0.052075
0.217997
0.266856
0.206484
0.069784
0.101635
0.293361
0.170689
0.132668
0.212769
0.146149
0.499134
0.131038
0.121231
0.027963
0.154964
0.053173
0.187674
0.199121
0.16046
0.156651
0.371293
0.107148
0.276601
0.152323
0.117055
0.091606
0.146728
0.130169
0.065166
0.188933
0.039037
0.107536
0.179889
0.172272
0.074868
0.113073
0.052898
0.230469
0.099246
0.127603
0.19209
0.168094
0.119907
0.108498
0.027846
0.118558
0.357055
0.085246
0.180234
0.148741
0.098068
0.149194
0.307365
0.109926
0.389132
0.11706
0.078715
0.450183
0.083171
0.196069
0.085041
0.121474
0.042839
0.148605
0.248967
0.147953
0.177493
0.360825
0.294737
0.061084
0.234813
0.12666
0.046912
0.114381
0.064037
0.15624
0.100475
0.106702
0.171935
0.28595
0.15056
0.068542
0.202643
0.233519
0.073996
0.207003
0.197055
0.233625
0.223826
0.104064
0.130985
0.089464
0.225947
0.24688
0.237196
0.107974
0.182907
0.057076
0.087204
0.151473
0.251792
0.051934
0.124469
0.497068
0.077201
0.170385
0.18796
0.220573
0.277655
0.099539
0.19026
0.181775
0.159337
0.171027
0.256059
0.074143
0.125285
0.406239
0.11492
0.353804
0.112519
0.242535
0.143705
0.289048
0.114982
0.095184
0.170772
0.110228
0.074055
0.100112
0.534319
0.150113
0.127895
0.224739
0.184662
0.335458
0.280808
0.054517
0.049046
0.353988
0.139357
0.74525
0.169079
0.044933
0.099891
0.061771
0.230725
0.143222
0.149486
0.080125
0.225262
0.402777
0.087174
0.365651
0.159318
0.075302
0.089564
0.056828
0.034655
0.174762
0.085544
0.168123
0.220827
0.299738
0.088289
0.182889
0.187511
0.286174
0.028695
0.353073
0.035667
0.058101
0.124093
0.198083
0.129425
0.102944
0.25303
0.128366
0.122947
0.110633
0.107524
0.024327
0.180773
0.093162
0.099579
0.168621
0.045655
0.048659
0.435569
0.068772
0.032944
0.034225
0.149068
0.155218
0.211153
0.131292
0.144846
0.101537
0.059581
0.437449
0.053216
0.362545
0.034768
0.427925
0.119643
0.130876
0.110292
0.087212
0.077748
0.24409
0.077897
0.219285
0.030648
0.426508
0.142372
0.409132
0.133101
0.042899
0.122147
0.135503
0.175848
0.339102
0.127695
0.051337
0.418764
0.056748
0.048239
0.475851
0.106623
0.155862
0.193004
0.11018
0.062281
0.393135
0.086827
0.14392
0.039711
0.084346
0.13478
0.051827
0.179976
0.065086
0.095458
0.130806
0.231727
0.184068
0.062003
0.216269
0.024533
0.340531
0.111764
0.069846
0.135295
0.339905
0.147034
0.088382
0.166977
0.172369
0.189376
0.043808
0.33656
0.101246
0.062973
0.185255
0.218033
0.080779
0.056197
0.12511
0.102256
0.263636
0.208505
0.206983
0.162298
0.211489
0.062279
0.178617
0.111794
0.274891
0.17636
0.382372
0.114038
0.126621
0.30438
0.119776
0.354519
0.045319
0.165567
0.202244
0.023398
0.107838
0.082242
0.236554
0.334633
0.257349
0.168711
0.245393
0.119438
0.343407
0.441069
0.05599
0.030833
0.204562
0.076181
0.056193
0.198718
0.062064
0.030528
0.107171
0.189614
0.100406
0.114507
0.237677
0.121197
0.117716
0.064821
0.056177
0.196723
0.317985
0.122261
0.260271
0.12561
0.179965
0.22541
0.200484
0.055599
0.40215
0.51232
0.140864
0.687673
0.19974
0.151376
0.073527
0.217815
0.107511
0.172113
0.0266
0.090068
0.130372
0.106119
0.225139
0.288211
0.149328
0.1394
0.497957
0.020667
0.137232
0.185136
0.102801
0.203207
0.390594
0.198317
0.094412
0.047561
0.263358
0.253098
0.060587
0.377933
0.154209
0.265667
0.086669
0.090747
0.027874
0.188085
0.229973
0.132524
0.260303
0.13663
0.161235
0.094646
0.09444
0.058583
0.150682
0.355309
0.449306
0.149466
0.113655
0.065679
0.253941
0.121298
0.076484
0.164063
0.307701
0.310779
0.150696
0.128248
0.195179
0.119792
0.384786
0.051202
0.147458
0.18197
0.088209
0.125909
0.030814
0.120502
0.250601
0.185232
0.132875
0.219974
0.100061
0.237525
0.137187
0.496751
0.083179
0.238405
0.046469
0.223954
0.050669
0.170636
0.108155
0.202933
0.066254
0.117908
0.050204
0.18133
0.198814
0.295989
0.315126
0.01689
0.061476
0.486069
0.060062
0.110142
0.109967
0.057241
0.740527
0.091041
0.253062
0.16299
0.263344
0.164066
0.261006
0.115826
0.350967
0.078873
0.070827
0.112522
0.065266
0.062148
0.141917
0.238223
0.135338
0.066383
0.088402
0.055963
0.423201
0.398426
0.21209
0.191701
0.203879
0.146561
0.179255
0.291894
0.56502
0.051413
0.128458
0.197873
0.06284
0.031317
0.096647
0.119491
0.095836
0.269181
0.213892
0.0794
0.008961
0.10616
0.198743
0.113167
0.178797
0.083222
0.075157
0.049228
0.04669
0.114273
0.077718
0.12323
0.256566
0.075217
0.377872
0.39584
0.064552
0.076197
0.112456
0.10193
0.221195
0.26997
0.211044
0.163305
0.116586
0.130819
0.094119
0.10451
0.338519
0.083938
0.127533
0.120561
0.177561
0.299354
0.101254
0.11228
0.17325
0.079374
0.035859
0.156167
0.273107
0.016321
0.168522
0.1359
0.016312
0.090688
0.39527
0.022434
0.164145
0.105874
0.05635
0.195301
0.094514
0.19979
0.270697
0.111632
0.174249
0.35661
0.016714
0.036836
0.174824
0.089578
0.121231
0.082955
0.255533
0.218405
0.230375
0.040824
0.171934
0.195265
0.491545
0.262106
0.075697
0.23432
0.066264
0.179535
0.272535
0.045093
0.090917
0.147245
0.155751
0.045144
0.113092
0.132815
0.108392
0.081115
0.170897
0.269321
0.096374
0.044312
0.120859
0.105841
0.204948
0.018559
0.050416
0.115433
0.067165
0.148384
0.134709
0.098729
0.09083
0.143224
0.213228
0.110024
0.053192
0.076757
0.101032
0.39944
0.222433
0.10136
0.27665
0.203252
0.047952
0.249778
0.061901
0.061253
0.224501
0.146584
0.148762
0.230553
0.040566
0.195292
0.110725
0.122775
0.130519
0.064018
0.187741
0.173883
0.347003
0.032696
0.232635
0.438401
0.463585
0.112239
0.345918
0.233701
0.130008
0.114278
0.197309
0.20857
0.092823
0.100684
0.366321
0.221945
0.073792
0.264656
0.15782
0.49189
0.224061
0.077812
0.113937
0.027774
0.170234
0.259923
0.218932
0.265471
0.114445
0.138252
0.50073
0.141074
0.189262
0.125225
0.253452
0.229379
0.144495
0.089061
0.356948
0.112809
0.21047
0.203972
0.129785
0.106547
0.111418
0.078833
0.038994
0.101165
0.273892
0.122107
0.300792
0.121112
0.14409
0.139965
0.127688
0.082938
0.040505
0.180005
0.077342
0.137016
0.168884
0.021054
0.159668
0.120337
0.1424
0.071761
0.065324
0.158649
0.190576
0.048223
0.186433
0.256946
0.182877
0.038442
0.04371
0.108373
0.04684
0.11764
0.062418
0.145411
0.150026
0.314142
0.053982
0.161678
0.114897
0.120025
0.623395
0.175663
0.088751
0.153411
0.103245
0.266407
0.121765
0.32632
0.356907
0.614107
0.303843
0.017081
0.168099
0.029371
0.0881
0.058607
0.392166
0.150804
0.031823
0.149734
0.214256
0.433646
0.440547
0.202185
0.225719
0.183852
0.300025
0.183587
0.244442
0.134447
0.123273
0.162889
0.132653
0.061243
0.111496
0.058092
0.290732
0.289417
0.278807
0.25845
0.237572
0.229966
0.145091
0.10124
0.195512
0.242022
0.195677
0.123462
0.045103
0.285951
0.183895
0.046537
0.03418
0.210898
0.027168
0.224236
0.144422
0.301287
0.040039
0.105612
0.124911
0.205162
0.082225
0.132094
0.159068
0.048259
0.080882
0.289215
0.030019
0.112957
0.873544
0.100276
0.21879
0.069338
0.260425
0.164121
0.045655
0.240795
0.089444
0.197703
0.187594
0.423527
0.184113
0.046623
0.179733
0.186937
0.121929
0.739148
0.127732
0.24969
0.395369
0.157935
0.101513
0.206839
0.056483
0.138357
0.251353
0.284799
0.049095
0.150577
0.17234
0.104232
0.080607
0.079187
0.08078
0.100878
0.207409
0.074211
0.035687
0.067231
0.077363
0.163373
0.28664
0.617073
0.15799
0.133904
0.212678
0.12315
0.375742
0.164802
0.107027
0.028248
0.26863
0.137092
0.086741
0.38009
0.060895
0.263891
0.181243
0.156708
0.102
0.103431
0.083019
0.122057
0.059295
0.152941
0.128924
0.120788
0.097712
0.243555
0.170645
0.197632
0.104154
0.184685
0.172661
0.070808
0.098187
0.106061
0.14198
0.141359
0.091929
0.062585
0.041733
0.237915
0.078802
0.622657
0.214416
0.187761
0.343338
0.044951
0.07418
0.255855
0.401139
0.20494
0.029499
0.384746
0.203121
0.24159
0.266808
0.29031
0.187219
0.153387
0.164923
0.120672
0.172489
0.132236
0.099426
0.147952
0.155479
0.043292
0.328423
0.28683
0.125984
0.168565
0.096786
0.392925
0.24744
0.060285
0.049151
0.123823
0.096698
0.177431
0.150652
0.103704
0.186881
0.197986
0.074059
0.192131
0.369197
0.204134
0.183788
0.157283
0.316477
0.268765
0.258987
0.057542
0.237273
0.101212
0.145146
0.359225
0.078613
0.371124
0.498776
0.409413
0.058737
0.07138
0.121843
0.011197
0.181849
0.22056
0.476928
0.330086
0.123401
0.226927
0.334071
0.544936
0.107252
0.525248
0.133655
0.112841
0.168534
0.146877
0.015785
0.286934
0.063339
0.154097
0.396461
0.045889
0.082054
0.232419
0.097808
0.162645
0.273072
0.085343
0.262539
0.128296
0.117458
0.296176
0.220628
0.193688
0.177874
0.186995
0.135169
0.139075
0.080051
0.116793
0.170933
0.187682
0.078442
0.09685
0.118482
0.236061
0.10666
0.175873
0.122807
0.242489
0.080978
0.127928
0.089438
0.085335
0.151849
0.16514
0.194115
0.045368
0.131559
0.25213
0.152653
0.24419
0.077016
0.015616
0.11753
0.1274
0.239639
0.266053
0.094821
0.18249
0.114752
0.176255
0.138854
0.043009
0.111932
0.110167
0.087443
0.087572
0.100191
0.071263
0.022593
0.266873
0.074821
0.840768
0.217712
0.184819
0.183867
0.202946
0.109303
0.042766
0.193039
0.061826
0.07605
0.055657
0.02728
0.112943
0.054586
0.186619
0.138986
0.224526
0.183997
0.296178
0.039204
0.189451
0.227416
0.154458
0.147984
0.226997
0.042629
0.186656
0.028561
0.341935
0.143506
0.332825
0.124515
0.204311
0.308649
0.156008
0.540558
0.049987
0.108061
0.189884
0.419138
0.906592
0.072349
0.030606
0.235403
0.080072
0.273467
0.12717
0.512477
0.218302
0.137549
0.196834
0.137904
0.058532
0.192335
0.109926
0.304753
0.024852
0.100873
0.052361
0.088968
0.272507
0.071415
0.026592
0.42084
0.077035
0.303226
0.08398
0.191262
0.079577
0.120062
0.108044
0.096534
0.061768
0.210648
0.040207
0.133262
0.071533
0.050233
0.070637
0.072105
0.129237
0.081478
0.136776
0.127215
0.046381
0.12753
0.269229
0.160491
0.103973
0.369076
0.254757
0.061845
0.468712
0.270065
0.372816
0.095012
0.122444
0.071932
0.11195
0.258724
0.126091
0.159562
0.43581
0.1994
0.023774
0.214597
0.063882
0.126563
0.021589
0.224599
0.420876
0.073499
0.031203
0.103021
0.110397
0.261909
0.160735
0.482576
0.297453
0.087626
0.035396
0.396578
0.12669
0.276064
0.249953
0.258058
0.196305
0.097277
0.143343
0.18241
0.082386
0.275857
0.39438
0.083412
0.061419
0.065663
0.085956
0.060797
0.026328
0.30956
0.094487
0.08023
0.299062
0.260143
0.171427
0.509383
0.073753
0.071556
0.301279
0.212319
0.129777
0.104117
0.094235
0.068136
0.168429
0.140167
0.049642
0.12892
0.106748
0.06359
0.08641
0.208689
0.215301
0.198167
0.351933
0.185792
0.063802
0.115653
0.20991
0.100515
0.276253
0.083195
0.260207
0.158215
0.19253
0.230763
0.066969
0.059728
0.1788
0.104133
0.081681
0.198689
0.118663
0.179637
0.141988
0.13636
0.059747
0.242377
0.052388
0.319798
0.415331
0.124645
0.08358
0.178867
0.196225
0.07034
0.015955
0.107086
0.120647
0.313948
0.058283
0.406706
0.137468
0.109391
0.159835
0.230352
0.445959
0.046677
0.19136
0.107717
0.093972
0.108741
0.121422
0.13948
0.214829
0.109789
0.124659
0.161527
0.379539
0.116902
0.031034
0.191897
0.10693
0.488768
0.470749
0.083388
0.420749
0.184173
0.020808
0.127162
0.139612
0.196396
0.178918
0.080648
0.135054
0.036422
0.117531
0.076509
0.269255
0.049135
0.053777
0.01397
0.042518
0.063561
0.221398
0.231416
0.081418
0.047015
0.129765
0.095135
0.142856
0.24328
0.083926
0.020932
0.196189
0.178256
0.104455
0.147836
0.268612
0.093308
0.026253
0.325539
0.214611
0.249316
0.408801
0.084208
0.301951
0.150051
0.06033
0.16619
0.129736
0.200231
0.044105
0.372081
0.372247
0.219083
0.070123
0.287836
0.282442
0.061985
0.053397
0.625654
0.039427
0.294466
0.109688
0.121942
0.158546
0.175697
0.123886
0.066255
0.06708
0.358672
0.162254
0.494845
0.105946
0.1344
0.035802
0.028082
0.271674
0.233182
0.197014
0.025938
0.051266
0.091826
0.142745
0.171679
0.040351
0.054014
0.125221
0.056031
0.14763
0.096311
0.063332
0.124371
0.072038
0.088977
0.164984
0.325605
0.016856
0.152903
0.390366
0.116918
0.100738
0.080741
0.322818
0.021805
0.076783
0.034459
0.075068
0.136878
0.089673
0.220257
0.104426
0.07328
0.563723
0.078456
0.22493
0.103656
0.327345
0.077113
0.10392
0.084323
0.020619
0.112165
0.329176
0.086923
0.387757
0.172596
0.102819
0.055631
0.150454
0.34304
0.112337
0.118132
0.024639
0.295969
0.151764
0.150831
0.107339
0.139505
0.080053
0.087895
0.111258
0.267494
0.399717
0.139973
0.066498
0.031627
0.066478
0.530935
0.135558
0.114977
0.289165
0.148706
0.076515
0.037552
0.363498
0.1311
0.118903
0.381573
0.245931
0.149888
0.097739
0.230445
0.126923
0.138278
0.107193
0.319955
0.189925
0.134895
0.067391
0.103353
0.099389
0.064257
0.139517
0.078475
0.116646
0.042219
0.149932
0.067355
0.038989
0.059841
0.053994
0.099811
0.068721
0.045983
0.121433
0.298884
0.134017
0.184646
0.14043
0.341689
0.152075
0.02875
0.107123
0.094021
0.236543
0.16336
0.17855
0.048963
0.043983
0.109329
0.173105
0.226483
0.513761
0.17482
0.165596
0.112692
0.148804
0.152914
0.150767
0.248014
0.245446
0.098387
0.033791
0.089797
0.126588
0.08722
0.029407
0.085645
0.406032
0.048772
0.132874
0.028029
0.034433
0.015952
0.138104
0.263821
0.098846
0.168553
0.158447
0.038579
0.0656
0.108766
0.248304
0.114625
0.172451
0.089917
0.330357
0.054699
0.172072
0.090355
0.0537
0.067532
0.082386
0.114394
0.252372
0.116483
0.120717
0.242635
0.206243
0.053428
0.103365
0.568546
0.153297
0.115965
0.433549
0.171688
0.145923
0.225837
0.048878
0.067045
0.050551
0.337292
0.195564
0.05659
0.084426
0.078982
0.181068
0.037788
0.325307
0.061539
0.136638
0.392185
0.16257
0.124004
0.050682
0.022718
0.094782
0.164733
0.10695
0.080223
0.197259
0.110194
0.041806
0.12607
0.492723
0.09511
0.108995
0.048114
0.298599
0.068296
0.190954
0.19523
0.04493
0.040828
0.032703
0.168306
0.073825
0.089558
0.042769
0.293227
0.324728
0.043554
0.123707
0.045219
0.264357
0.179533
0.174668
0.132368
0.109926
0.368242
0.284919
0.121413
0.027213
0.14101
0.367205
0.085969
0.137755
0.021428
0.087282
0.059646
0.185112
0.046914
0.08247
0.218365
0.251097
0.040545
0.042803
0.109095
0.121189
0.105558
0.092797
0.382035
0.152953
0.051119
0.128495
0.042166
0.408062
0.119235
0.138248
0.33394
0.27082
0.326232
0.173539
0.024829
0.221064
0.137092
0.136923
0.153384
0.089191
0.155892
0.251909
0.029479
0.06447
0.158755
0.575686
0.068461
0.202087
0.197445
0.103243
0.255092
0.085293
0.246121
0.268459
0.107706
0.075033
0.298533
0.069015
0.15249
0.103978
0.073475
0.210047
0.336219
0.19458
0.199972
0.253188
0.245857
0.302816
0.09893
0.192686
0.076619
0.181384
0.274287
0.207974
0.052397
0.233255
0.190619
0.263909
0.36722
0.063799
0.453754
0.076728
0.175494
0.129014
0.364045
0.165867
0.071231
0.053644
0.52226
0.052458
0.034483
0.111158
0.213305
0.358747
0.035197
0.14387
0.133171
0.162345
0.100903
0.052864
0.043893
0.181957
0.031924
0.543364
0.234513
0.087265
0.333724
0.2904
0.044609
0.174782
0.336181
0.044953
0.241826
0.26823
0.038601
0.213239
0.141059
0.175223
0.224656
0.053934
0.25176
0.196704
0.196158
0.215341
0.161697
0.186199
0.114809
0.040053
0.1724
0.119748
0.177939
0.136095
0.201827
0.141017
0.034378
0.022422
0.615492
0.714488
0.167928
0.261051
0.27153
0.139796
0.226748
0.115887
0.171206
0.057127
0.172037
0.758237
0.076294
0.073045
0.11211
0.117021
0.086274
0.188743
0.227734
0.082291
0.05319
0.091049
0.112259
0.153533
0.268313
0.131208
0.431444
0.178267
0.059884
0.162137
0.370905
0.03069
0.129444
0.069694
0.095792
0.045586
0.179787
0.06548
0.058173
0.113552
0.090977
0.209768
0.262294
0.308904
0.147003
0.091925
0.06457
0.004813
0.218711
0.142367
0.104274
0.033077
0.038474
0.298054
0.093539
0.283953
0.074211
0.141056
0.147978
0.429784
0.165518
0.087271
0.215474
0.207809
0.345616
0.028825
0.128757
0.157678
0.140247
0.268911
0.047532
0.082191
0.198668
0.116047
0.29654
0.048504
0.082476
0.060434
0.096661
0.12999
0.18249
0.095645
0.153502
0.183032
0.174204
0.076299
0.146851
0.263076
0.079757
0.27829
0.299485
0.10379
0.063671
0.138199
0.062462
0.325121
0.030489
0.115465
0.162345
0.047959
0.091617
0.172168
0.389741
0.127599
0.041562
0.150947
0.315627
0.325949
0.167435
0.216671
0.136691
0.354239
0.282191
0.128606
0.150968
0.083746
0.290842
0.100001
0.231156
0.061954
0.217298
0.063153
0.170886
0.030902
0.138914
0.175722
0.062034
0.437576
0.041852
0.345305
0.046836
0.146488
0.321672
0.305049
0.172096
0.069683
0.109225
0.089312
0.068009
0.096709
0.067969
0.12495
0.657414
0.196413
0.179171
0.196432
0.042708
0.035389
0.555984
0.090245
0.378258
0.096979
0.211494
0.197488
0.125241
0.671304
0.11004
0.146954
0.272574
0.050528
0.519445
0.534663
0.074942
0.08968
0.241616
0.242462
0.118692
0.103091
0.209741
0.115214
0.177506
0.053819
0.043496
0.047989
0.081529
0.074335
0.177864
0.060087
0.044951
0.123504
0.097742
0.049097
0.071567
0.242087
0.034661
0.25961
0.109277
0.028666
0.063421
0.061298
0.025336
0.087995
0.3142
0.38913
0.0606
0.063428
0.036853
0.093764
0.039119
0.144376
0.167997
0.09519
0.118979
0.044861
0.139712
0.05721
0.158287
0.072107
0.187362
0.271951
0.280137
0.15709
0.135365
0.142144
0.213854
0.187809
0.026479
0.164793
0.141364
0.245623
0.25356
0.092622
0.095665
0.0584
0.156945
0.153476
0.369687
0.055867
0.240263
0.283708
0.421346
0.15286
0.161888
0.158345
0.17067
0.110022
0.069977
0.107685
0.159813
0.20412
0.0784
0.12929
0.195773
0.264958
0.064897
0.131103
0.257097
0.112862
0.107253
0.313366
0.048587
0.276739
0.056159
0.024088
0.019502
0.02749
0.175088
0.096203
0.414769
0.22168
0.108766
0.189433
0.227959
0.157046
0.410167
0.107115
0.247761
0.040143
0.053582
0.198641
0.14789
0.066234
0.347411
0.318896
0.191747
0.279215
0.033702
0.219539
0.063765
0.133382
0.482105
0.135607
0.16824
0.06002
0.05763
0.127742
0.039926
0.137142
0.026854
0.238406
0.072261
0.128069
0.244791
0.343688
0.040804
0.132827
0.10242
0.101899
0.108525
0.250093
0.065791
0.263542
0.34455
0.146543
0.482009
0.199895
0.062867
0.123655
0.20771
0.099079
0.08696
0.25504
0.346921
0.073311
0.190772
0.24045
0.052058
0.143626
0.116836
0.246483
0.139464
0.247063
0.075157
0.218849
0.351868
0.291267
0.033887
0.226681
0.08724
0.093547
0.227361
0.220627
0.184669
0.276241
0.093952
0.413027
0.335699
0.136457
0.272254
0.136161
0.062036
0.274087
0.072078
0.090718
0.16004
0.420222
0.036101
0.061982
0.135098
0.121154
0.066575
0.165926
0.141833
0.100508
0.094443
0.39153
0.032906
0.230591
0.08326
0.073912
0.098844
0.107378
0.225759
0.026277
0.110948
0.037195
0.081162
0.1202
0.185921
0.336972
0.218798
0.060624
0.088588
0.116395
0.238461
0.250933
0.289254
0.088794
0.184255
0.031095
0.094452
0.08331
0.081074
0.08311
0.258051
0.040252
0.083155
0.054034
0.295088
0.342014
0.088098
0.039795
0.173631
0.035003
0.043263
0.074623
0.081806
0.172155
0.266491
0.110874
0.300847
0.091884
0.038105
0.37151
0.104937
0.1815
0.135823
0.495765
0.275052
0.085153
0.186766
0.06518
0.259552
0.132422
0.145485
0.08257
0.173227
0.079539
0.248976
0.11591
0.249281
0.095667
0.130634
0.078891
0.318217
0.241659
0.335333
0.117299
0.11398
0.076588
0.035577
0.07973
0.12227
0.15159
0.035212
0.438654
0.123448
0.107513
0.040291
0.183455
0.174939
0.394207
0.083565
0.250285
0.317621
0.237259
0.216805
0.299176
0.166733
0.186656
0.077527
0.487644
0.058052
0.202402
0.486995
0.193091
0.168052
0.087513
0.547637
0.079583
0.063391
0.010403
0.127422
0.283723
0.186119
0.073753
0.288129
0.287607
0.277546
0.412587
0.023207
0.117089
0.132462
0.304044
0.028915
0.231863
0.300068
0.28562
0.13052
0.090387
0.185806
0.118065
0.14948
0.139135
0.176074
0.07854
0.159842
0.238725
0.044914
0.030562
0.255549
0.162244
0.057521
0.056563
0.273378
0.126316
0.04617
0.349412
0.147273
0.325763
0.195882
0.218436
0.160896
0.07536
0.094204
0.060833
0.263048
0.303864
0.252493
0.057385
0.082624
0.205684
0.150662
0.113466
0.113054
0.227844
0.223987
0.119718
0.099976
0.121131
0.157822
0.13984
0.046603
0.402666
0.257002
0.224344
0.212754
0.26024
0.17718
0.307901
0.121004
0.058246
0.080694
0.071657
0.327672
0.230759
0.109704
0.231355
0.073435
0.158942
0.142244
0.135001
0.151522
0.062623
0.138802
0.174721
0.294381
0.110508
0.460587
0.081846
0.031805
0.375444
0.083611
0.232171
0.223308
0.152801
0.63526
0.089351
0.069518
0.161472
0.06562
0.114732
0.299682
0.419301
0.149364
0.111995
0.08999
0.440098
0.042411
0.039909
0.129055
0.041904
0.153598
0.115214
0.113843
0.126531
0.173936
0.197407
0.06508
0.193502
0.27245
0.135169
0.097766
0.141355
0.079358
0.477057
0.175193
0.199103
0.099288
0.135546
0.051078
0.171479
0.064958
0.036364
0.111561
0.031459
0.159143
0.386272
0.175659
0.294662
0.074273
0.025048
0.101275
0.054118
0.241413
0.163262
0.066441
0.172247
0.514416
0.362386
0.060598
0.103812
0.07497
0.04578
0.087232
0.230037
0.070068
0.429442
0.138642
0.138888
0.18568
0.460586
0.231347
0.427683
0.066943
0.167013
0.102662
0.314119
0.576173
0.383414
0.349315
0.085944
0.072503
0.115305
0.171277
0.138767
0.303355
0.223874
0.228676
0.035857
0.113895
0.167247
0.382579
0.128361
0.062368
0.134885
0.07525
0.029476
0.163977
0.18709
0.119342
0.102186
0.076745
0.130561
0.114784
0.055538
0.277694
0.423716
0.433486
0.146904
0.290898
0.039311
0.09252
0.131641
0.182737
0.257328
0.097762
0.044252
0.279912
0.107328
0.244888
0.083163
0.060448
0.059983
0.330606
0.036445
0.021696
0.128879
0.208657
0.075262
0.082034
0.203031
0.088735
0.244047
0.084861
0.133022
0.273049
0.266707
0.088328
0.036553
0.25086
0.042376
0.080512
0.029348
0.131557
0.022305
0.058097
0.168752
0.462463
0.112615
0.128935
0.096663
0.257939
0.443668
0.156545
0.07598
0.084739
0.166057
0.123916
0.138083
0.093049
0.146795
0.208754
0.078493
0.179782
0.096874
0.050206
0.195722
0.045914
0.139211
0.111586
0.339281
0.304771
0.472518
0.148909
0.269002
0.274437
0.127125
0.077928
0.157164
0.09358
0.100884
0.156633
0.32767
0.098815
0.139975
0.370999
0.095402
0.281058
0.075447
0.064377
0.278266
0.141175
0.092111
0.129058
0.089569
0.374665
0.122433
0.155187
0.195389
0.148546
0.245289
0.163221
0.140503
0.181298
0.115875
0.117722
0.097949
0.187942
0.203914
0.171545
0.438633
0.303416
0.100872
0.22708
0.10061
0.091122
0.121632
0.206461
0.178483
0.050826
0.037804
0.202331
0.098767
0.123827
0.052675
0.190105
0.088227
0.127167
0.060573
0.202356
0.057641
0.172138
0.040595
0.111257
0.08871
0.044122
0.350538
0.194602
0.54351
0.077462
0.109408
0.101179
0.115493
0.026091
0.104962
0.19547
0.12496
0.097864
0.171277
0.078757
0.058899
0.118229
0.035106
0.107445
0.207954
0.113537
0.102585
0.095347
0.0853
0.094093
0.125103
0.10836
0.355127
0.278146
0.124778
0.80989
0.220701
0.067553
0.037964
0.143041
0.173749
0.188854
0.246586
0.05056
0.296717
0.316601
0.035142
0.085462
0.07826
0.067972
0.092063
0.073573
0.053798
0.192582
0.135763
0.12232
0.232504
0.054575
0.133909
0.104336
0.085802
0.134988
0.220807
0.148097
0.282229
0.458681
0.076274
0.068501
0.360669
0.211184
0.197008
0.282568
0.141832
0.360208
0.162562
0.049165
0.144183
0.120894
0.136329
0.159416
0.037139
0.016551
0.087115
0.097602
0.172071
0.12281
0.137336
0.447034
0.168495
0.044523
0.117893
0.217424
0.118232
0.142396
0.083155
0.109365
0.055863
0.092832
0.11366
0.022716
0.30835
0.072688
0.03479
0.122998
0.170298
0.0577
0.07558
0.237097
0.043734
0.057841
0.204117
0.084129
0.18752
0.152177
0.323011
0.11091
0.112746
0.085939
0.261252
0.091182
0.11023
0.152558
0.175189
0.055066
0.503122
0.101501
0.087214
0.104617
0.196518
0.125978
0.118227
0.193517
0.395692
0.168774
0.045849
0.13974
0.26926
0.21334
0.143369
0.261244
0.142404
0.271196
0.283316
0.075696
0.246797
0.153976
0.036527
0.156561
0.076073
0.131278
0.085112
0.104624
0.207358
0.12353
0.146347
0.038026
0.061978
0.142978
0.257145
0.19482
0.077306
0.357878
0.138967
0.055537
0.61181
0.043254
0.075992
0.407585
0.139184
0.260949
0.33862
0.270831
0.180056
0.385741
0.036892
0.072298
0.058534
0.156031
0.134302
0.149243
0.383295
0.025428
0.11341
0.078139
0.082445
0.161362
0.29876
0.057599
0.161951
0.045127
0.07297
0.116848
0.086405
0.053439
0.145014
0.140903
0.08718
0.070023
0.021448
0.154153
0.282582
0.247609
0.218648
0.055845
0.085808
0.087335
0.26082
0.054838
0.377213
0.144772
0.312697
0.268284
0.142656
0.103284
0.211672
0.167232
0.049521
0.220129
0.104295
0.151346
0.21922
0.088656
0.065076
0.169587
0.065382
0.066875
0.121487
0.249581
0.079843
0.181243
0.144616
0.039655
0.159423
0.082321
0.317496
0.22854
0.185572
0.207484
0.161769
0.080011
0.15138
0.051612
0.165375
0.232008
0.243567
0.053627
0.291606
0.120685
0.062109
0.378338
0.088182
0.080089
0.04654
0.055166
0.262839
0.112898
0.088397
0.32286
0.117605
0.203014
0.029056
0.121814
0.154993
0.169179
0.109142
0.093875
0.133471
0.058177
0.139409
0.101267
0.079731
0.059211
0.203283
0.387893
0.097944
0.105216
0.045421
0.205431
0.190786
0.118545
0.234871
0.205043
0.096157
0.130491
0.171517
0.326072
0.184026
0.116722
0.234292
0.326564
0.226524
0.092925
0.153574
0.452496
0.303304
0.030358
0.030572
0.233492
0.015538
0.150756
0.236398
0.507091
0.172806
0.166334
0.233186
0.041065
0.196334
0.062725
0.063434
0.143729
0.22391
0.117146
0.05908
0.258689
0.180029
0.170017
0.130215
0.120796
0.275171
0.240661
0.183699
0.070819
0.067751
0.243204
0.083408
0.06066
0.124348
0.32064
0.15433
0.085954
0.151451
0.090886
0.111665
0.293382
0.077012
0.132849
0.14954
0.104092
0.029878
0.161804
0.157345
0.070937
0.128415
0.233701
0.066682
0.057787
0.036836
0.178826
0.027813
0.089365
0.078253
0.115494
0.194723
0.142188
0.147811
0.260695
0.367543
0.054795
0.198623
0.199989
0.401822
0.095203
0.071454
0.189225
0.192961
0.102089
0.074326
0.182134
0.275773
0.063959
0.074252
0.121496
0.166706
0.309897
0.265568
0.077499
0.065398
0.078269
0.052922
0.223722
0.142202
0.069449
0.102963
0.203997
0.166218
0.083367
0.337384
0.174929
0.265963
0.176487
0.298062
0.319777
0.119629
0.031956
0.282711
0.120408
0.289254
0.131856
0.140139
0.102875
0.055002
0.2641
0.120257
0.122755
0.32424
0.285909
0.186491
0.070578
0.042005
0.239706
0.165333
0.401301
0.092806
0.204294
0.3355
0.10753
0.27391
0.094492
0.048208
0.135642
0.196375
0.364012
0.101918
0.043169
0.205261
0.112982
0.29242
0.561425
0.222163
0.066506
0.274369
0.297403
0.147087
0.24443
0.033711
0.07942
0.110607
0.09331
0.059908
0.053498
0.29155
0.205973
0.083248
0.312385
0.208202
0.193388
0.11071
0.092473
0.244578
0.122256
0.008998
0.030681
0.218977
0.103051
0.060103
0.13475
0.044028
0.071856
0.088326
0.265577
0.039479
0.093578
0.070674
0.081164
0.093363
0.105346
0.252117
0.310074
0.301038
0.187964
0.190027
0.299048
0.119856
0.069787
0.097873
0.140971
0.077808
0.169563
0.100493
0.170837
0.323841
0.149839
0.603691
0.20707
0.065424
0.455591
0.293129
0.194918
0.222194
0.163174
0.055541
0.03718
0.043609
0.382617
0.183823
0.278218
0.057403
0.073282
0.026973
0.166602
0.28208
0.142902
0.03914
0.164884
0.123619
0.106233
0.153833
0.241591
0.202858
0.131352
0.212839
0.11379
0.054515
0.199044
0.195954
0.043278
0.051466
0.212593
0.085978
0.086808
0.16386
0.132682
0.144075
0.108297
0.129726
0.210186
0.153746
0.140196
0.231702
0.082329
0.042357
0.058337
0.152325
0.084566
0.31105
0.088213
0.071132
0.626385
0.101733
0.194655
0.237062
0.11898
0.139563
0.204325
0.159579
0.123453
0.17731
0.209578
0.463193
0.197556
0.075379
0.264785
0.179817
0.148257
0.04202
0.168
0.242851
0.229246
0.155662
0.299834
0.239922
0.220325
0.111122
0.230616
0.442188
0.019747
0.203509
0.252466
0.16712
0.160355
0.197256
0.135342
0.068751
0.113175
0.250758
0.071505
0.297896
0.207855
0.16632
0.132465
0.321928
0.283713
0.067462
0.03648
0.164438
0.137593
0.233374
0.085527
0.427517
0.470593
0.284051
0.132395
0.438242
0.25512
0.207527
0.046287
0.40026
0.131378
0.27163
0.278397
0.641611
0.103876
0.089151
0.107698
0.376585
0.146128
0.215878
0.181887
0.085328
0.160993
0.169665
0.252991
0.266473
0.282712
0.108148
0.225001
0.115337
0.11203
0.244576
0.017936
0.102743
0.04768
0.155512
0.013118
0.152551
0.707129
0.109458
0.139602
0.081152
0.114208
0.285837
0.131586
0.158166
0.069114
0.092041
0.178522
0.221945
0.146405
0.038447
0.140433
0.158443
0.221488
0.110721
0.127211
0.062811
0.083335
0.190888
0.036086
0.055204
0.362163
0.214432
0.022731
0.134846
0.17144
0.231631
0.106245
0.189346
0.121286
0.097532
0.253098
0.028057
0.080847
0.076662
0.190923
0.156658
0.06612
0.035481
0.281488
0.221693
0.048111
0.148492
0.094727
0.140163
0.294101
0.474591
0.205569
0.103813
0.24481
0.220715
0.137407
0.444085
0.209613
0.207373
0.092509
0.173472
0.138403
0.242866
0.256276
0.111218
0.150996
0.154359
0.079189
0.209049
0.596416
0.147279
0.738982
0.095171
0.084058
0.16517
0.049449
0.194367
0.156114
0.13293
0.20778
0.152817
0.079892
0.274987
0.146349
0.396631
0.142367
0.107452
0.154622
0.247399
0.04524
0.164179
0.374686
0.112818
0.045045
0.097506
0.059538
0.388551
0.212447
0.30345
0.237605
0.160761
0.046215
0.242179
0.262583
0.171595
0.085293
0.353596
0.132274
0.158277
0.062265
0.16794
0.040297
0.304057
0.05533
0.060119
0.30294
0.229142
0.038943
0.673587
0.11753
0.410161
0.348307
0.083247
0.287126
0.226516
0.290298
0.364675
0.336721
0.340017
0.416398
0.068789
0.083389
0.220474
0.188177
0.147676
0.074128
0.43576
0.129228
0.109527
0.26989
0.079527
0.224864
0.01478
0.141699
0.221406
0.168604
0.081375
0.228074
0.026796
0.050468
0.224867
0.061897
0.06658
0.094053
0.24358
0.230948
0.163892
0.183349
0.181794
0.399739
0.202783
0.294483
0.25428
0.203964
0.093383
0.094718
0.45944
0.090102
0.070503
0.256899
0.175438
0.034598
0.166614
0.090823
0.060925
0.030702
0.037713
0.1152
0.015116
0.161753
0.174053
0.519368
0.040585
0.172226
0.280504
0.27486
0.179384
0.044987
0.064354
0.032627
0.041513
0.189362
0.160526
0.203392
0.099995
0.118561
0.729829
0.068098
0.068901
0.079965
0.097568
0.127282
0.077064
0.231069
0.033284
0.090372
0.045261
0.269692
0.245876
0.185863
0.368408
0.041758
0.045349
0.097392
0.361364
0.400036
0.038875
0.122861
0.594327
0.168535
0.182096
0.099269
0.131627
0.105955
0.046768
0.44274
0.078125
0.328576
0.121268
0.121798
0.191274
0.254077
0.053229
0.335091
0.31959
0.045382
0.214322
0.302561
0.227913
0.095012
0.077367
0.15691
0.057634
0.141413
0.110581
0.167359
0.134312
0.064878
0.087267
0.109303
0.344091
0.064627
0.163717
0.087532
0.087524
0.117654
0.141321
0.298557
0.048111
0.157881
0.297774
0.219664
0.059165
0.175183
0.102033
0.100958
0.059873
0.093417
0.190127
0.419086
0.119238
0.228231
0.109322
0.180664
0.177617
0.186917
0.311717
0.100276
0.306757
0.104678
0.287161
0.117522
0.214203
0.415294
0.155728
0.147943
0.180243
0.050324
0.059651
0.071788
0.079142
0.361878
0.136156
0.229627
0.174736
0.055331
0.18335
0.021921
0.205431
0.26879
0.655546
0.242515
0.267648
0.114907
0.069969
0.101623
0.236044
0.157089
0.050717
0.155887
0.081236
0.064461
0.088328
0.448229
0.068828
0.179025
0.052539
0.0996
0.157174
0.202625
0.27666
0.222017
0.15099
0.095745
0.173431
0.078292
0.038878
0.125576
0.177012
0.127082
0.110602
0.422074
0.06546
0.110844
0.048661
0.090465
0.19819
0.181347
0.163717
0.189461
0.059231
0.089113
0.077031
0.240025
0.240265
0.113147
0.103918
0.220349
0.077501
0.153594
0.114777
0.041849
0.134729
0.329017
0.04887
0.708412
0.114753
0.160543
0.522842
0.169384
0.443713
0.164736
0.084671
0.138005
0.037367
0.270458
0.103845
0.160465
0.211472
0.113688
0.057376
0.104099
0.339298
0.21108
0.037546
0.167138
0.09651
0.062929
0.172747
0.425436
0.188201
0.18496
0.074765
0.458191
0.114005
0.168494
0.149853
0.113174
0.339468
0.050135
0.332869
0.282873
0.255909
0.138602
0.04794
0.364063
0.049382
0.292737
0.239421
0.09434
0.151914
0.165399
0.459357
0.042517
0.384365
0.249557
0.249674
0.254732
0.334838
0.105302
0.049141
0.161345
0.195942
0.046849
0.381019
0.115934
0.098742
0.177569
0.061866
0.078687
0.110252
0.026318
0.069059
0.144306
0.198697
0.099731
0.072519
0.22809
0.046924
0.184855
0.200603
0.117468
0.239534
0.18137
0.165374
0.090174
0.170922
0.109927
0.182304
0.194666
0.061743
0.221687
0.108332
0.054363
0.104284
0.20883
0.089329
0.043317
0.281727
0.182295
0.338498
0.447294
0.132283
0.038302
0.249131
0.43522
0.045916
0.146438
0.178018
0.070327
0.157954
0.130267
0.117053
0.466071
0.065247
0.214265
0.055636
0.593257
0.120588
0.267364
0.23477
0.141235
0.134809
0.199858
0.107976
0.190012
0.1169
0.130334
0.083161
0.057987
0.178672
0.375699
0.043446
0.438127
0.069882
0.043946
0.187244
0.158862
0.138444
0.326909
0.511303
0.140855
0.119604
0.376764
0.176687
0.021469
0.134773
0.13329
0.127565
0.0446
0.078645
0.392091
0.180747
0.105541
0.1928
0.217576
0.181413
0.041392
0.173226
0.267701
0.047668
0.200818
0.038594
0.133868
0.130935
0.324465
0.236916
0.141869
0.018883
0.186293
0.0961
0.25978
0.091081
0.059014
0.041285
0.263461
0.18269
0.063346
0.296361
0.263469
0.25698
0.063237
0.163845
0.097412
0.384531
0.091158
0.125502
0.373732
0.288131
0.341326
0.142185
0.121484
0.309245
0.290017
0.333245
0.191334
0.245298
0.1646
0.2869
0.225563
0.093833
0.188315
0.553786
0.086074
0.196569
0.122364
0.452042
0.258252
0.064915
0.226599
0.097068
0.120676
0.075254
0.155009
0.13006
0.096265
0.020715
0.09032
0.214364
0.015509
0.142147
0.18842
0.064971
0.129105
0.172237
0.369512
0.09974
0.304907
0.028565
0.303108
0.115332
0.067644
0.148953
0.197432
0.120968
0.115215
0.127226
0.135405
0.190011
0.051451
0.327416
0.251155
0.12271
0.339159
0.089992
0.084158
0.030857
0.087042
0.125347
0.165756
0.284131
0.106139
0.227875
0.118223
0.064342
0.050535
0.176868
0.163048
0.076134
0.073718
0.220697
0.319721
0.035893
0.350271
0.149923
0.384096
0.134612
0.315054
0.063775
0.101779
0.08134
0.156912
0.156581
0.231465
0.029267
0.068868
0.107656
0.150081
0.189918
0.140268
0.083293
0.240976
0.114759
0.074533
0.237052
0.170332
0.359101
0.252521
0.143892
0.065948
0.084669
0.211534
0.049924
0.107905
0.179617
0.282841
0.063334
0.149425
0.253991
0.104444
0.311364
0.271614
0.097367
0.039405
0.114136
0.058383
0.096007
0.029082
0.049658
0.16712
0.113295
0.139705
0.129373
0.042732
0.357183
0.092577
0.119439
0.057405
0.112864
0.091998
0.176017
0.374108
0.039108
0.037725
0.129301
0.213525
0.071365
0.17567
0.35741
0.333008
0.108469
0.120147
0.162698
0.107042
0.250385
0.096322
0.051571
0.099037
0.150294
0.040957
0.076356
0.50232
0.104817
0.340709
0.346115
0.198407
0.078252
0.314646
0.186488
0.181552
0.228911
0.303207
0.131513
0.151689
0.137379
0.104585
0.16635
0.384914
0.055095
0.12723
0.029408
0.073204
0.03365
0.225217
0.137134
0.313091
0.040301
0.063504
0.120928
0.39017
0.128642
0.060733
0.056207
0.184734
0.173285
0.057889
0.043314
0.110148
0.051765
0.123493
0.301651
0.061625
0.365081
0.07865
0.146319
0.052053
0.329235
0.212286
0.202476
0.139951
0.150801
0.072395
0.146762
0.075186
0.08834
0.233726
0.059058
0.192226
0.151726
0.049533
0.061226
0.059573
0.060879
0.062229
0.235715
0.159314
0.375986
0.181027
0.142018
0.153239
0.046741
0.182976
0.082906
0.05146
0.172848
0.04274
0.033
0.095053
0.235117
0.115223
0.080875
0.246986
0.246576
0.200076
0.131459
0.16024
0.160953
0.158325
0.293245
0.361258
0.087035
0.210786
0.163894
0.080715
0.099913
0.097221
0.053711
0.102928
0.049405
0.113325
0.262179
0.137371
0.068616
0.256247
0.123423
0.139821
0.061679
0.245624
0.101496
0.110395
0.274089
0.174898
0.181053
0.335309
0.330704
0.023704
0.034391
0.062344
0.037109
0.356175
0.107582
0.070162
0.312272
0.390211
0.099707
0.26695
0.094579
0.169279
0.423836
0.052322
0.155348
0.189619
0.263898
0.282323
0.099501
0.209548
0.077686
0.142118
0.145141
0.192938
0.194795
0.094139
0.086435
0.24125
0.241427
0.296076
0.071783
0.267213
0.059296
0.15913
0.191571
0.137817
0.062837
0.171955
0.168308
0.082609
0.189934
0.159893
0.238971
0.06537
0.17591
0.054065
0.28426
0.257038
0.085455
0.151642
0.165335
0.092522
0.269277
0.116455
0.549709
0.317582
0.162042
0.200199
0.109637
0.247441
0.195384
0.132346
0.109121
0.063706
0.182273
0.078193
0.234256
0.216793
0.124356
0.211819
0.197341
0.09635
0.048081
0.189258
0.144065
0.129179
0.161791
0.02447
0.245808
0.453377
0.145574
0.140837
0.052761
0.139166
0.104351
0.086103
0.130404
0.135326
0.089957
0.194286
0.087925
0.02375
0.35264
0.087798
0.114408
0.615009
0.028279
0.204258
0.214739
0.500989
0.383393
0.053993
0.192635
0.10696
0.052993
0.199155
0.084352
0.119358
0.06804
0.189373
0.138744
0.523444
0.065921
0.099399
0.147097
0.15229
0.221847
0.090494
0.055076
0.145286
0.073352
0.178414
0.141702
0.366744
0.300987
0.200073
0.259636
0.338563
0.12356
0.456774
0.149113
0.092032
0.168197
0.136595
0.053454
0.101177
0.161972
0.168661
0.407555
0.218863
0.053643
0.60549
0.163196
0.229188
0.098851
0.128319
0.098932
0.038925
0.131754
0.057696
0.19479
0.232915
0.15133
0.069325
0.277987
0.051598
0.137962
0.064333
0.280738
0.074905
0.096732
0.220489
0.060761
0.148809
0.151171
0.057964
0.253025
0.21654
0.159977
0.064705
0.172838
0.070758
0.083625
0.253284
0.108999
0.137295
0.067819
0.061538
0.13192
0.092092
0.304115
0.25906
0.22858
0.104707
0.421564
0.077709
0.104974
0.2956
0.251765
0.091688
0.196376
0.045737
0.277627
0.205053
0.070509
0.033492
0.106857
0.122722
0.041093
0.111252
0.030964
0.507577
0.452171
0.106263
0.088532
0.060855
0.117492
0.075362
0.107383
0.188148
0.335846
0.266572
0.112719
0.137653
0.153222
0.08203
0.332932
0.414549
0.099065
0.148416
0.08117
0.084479
0.089307
0.032327
0.613583
0.054308
0.087298
0.105452
0.071476
0.229498
0.210706
0.270059
0.18117
0.11512
0.183048
0.168487
0.125646
0.306515
0.437353
0.201458
0.387489
0.558293
0.168917
0.21484
0.17957
0.047763
0.290078
0.150393
0.031638
0.221594
0.462355
0.256127
0.153174
0.166868
0.015079
0.349392
0.263844
0.157361
0.20853
0.181796
0.038756
0.161399
0.326921
0.264152
0.339827
0.115076
0.175671
0.060678
0.257963
0.135008
0.261391
0.122594
0.251689
0.352525
0.05292
0.357311
0.147995
0.095259
0.176414
0.084641
0.289693
0.239188
0.184712
0.163146
0.080333
0.101942
0.107302
0.041312
0.022743
0.185872
0.111712
0.320222
0.048783
0.789488
0.062478
0.032764
0.166759
0.198093
0.264362
0.083291
0.090467
0.022137
0.073661
0.092475
0.378698
0.279959
0.10627
0.033968
0.090573
0.273256
0.206963
0.240434
0.239707
0.251188
0.148413
0.228671
0.144218
0.182668
0.128491
0.05654
0.082725
0.105962
0.163635
0.181756
0.059728
0.426843
0.362065
0.087476
0.268269
0.20386
0.058302
0.072147
0.140984
0.086342
0.187188
0.121085
0.071413
0.066157
0.125604
0.068477
0.14697
0.244517
0.056066
0.477259
0.119874
0.434441
0.027664
0.190561
0.247942
0.146301
0.123916
0.215971
0.356114
0.091139
0.056276
0.063546
0.260407
0.733082
0.095523
0.026434
0.113221
0.079539
0.098568
0.159849
0.244598
0.302865
0.07491
0.055701
0.251876
0.286382
0.156512
0.068744
0.319069
0.182577
0.229396
0.233223
0.520137
0.123018
0.296047
0.057033
0.110591
0.223471
0.197544
0.111844
0.246991
0.147535
0.105337
0.213243
0.149014
0.276887
0.085577
0.066939
0.139836
0.309501
0.039363
0.228535
0.248729
0.081348
0.180235
0.148213
0.049949
0.120562
0.120964
0.05509
0.252567
0.296309
0.165858
0.095308
0.236107
0.134694
0.117164
0.06308
0.090713
0.119704
0.207893
0.106397
0.106438
0.060499
0.048333
0.183177
0.203714
0.233734
0.131428
0.157393
0.116688
0.14915
0.221783
0.199165
0.092743
0.060627
0.193788
0.072835
0.242066
0.198025
0.085528
0.106875
0.178177
0.143939
0.079692
0.380295
0.170927
0.256164
0.07622
0.058438
0.097106
0.072642
0.102068
0.109352
0.144976
0.382218
0.086157
0.356075
0.141032
0.094282
0.161958
0.119809
0.460348
0.167441
0.089067
0.059871
0.208619
0.450831
0.066954
0.075236
0.069476
0.209572
0.111475
0.179884
0.06864
0.13137
0.074895
0.25293
0.21099
0.208979
0.024851
0.055741
0.156934
0.109353
0.260314
0.270745
0.071622
0.127557
0.107641
0.216331
0.316299
0.075807
0.117217
0.20591
0.076266
0.202792
0.076844
0.118073
0.052571
0.107834
0.170857
0.384688
0.194409
0.197761
0.110599
0.348554
0.116649
0.307204
0.04779
0.086419
0.185391
0.17551
0.402846
0.08803
0.137908
0.205637
0.152575
0.125691
0.121394
0.180161
0.089443
0.077525
0.564976
0.158755
0.078436
0.097365
0.139566
0.183681
0.106938
0.229469
0.127451
0.166666
0.243592
0.316882
0.151523
0.042394
0.199191
0.159983
0.088836
0.178421
0.1142
0.234322
0.455157
0.178177
0.102506
0.078924
0.098337
0.12539
0.181295
0.242817
0.299106
0.104369
0.055675
0.157074
0.153708
0.129775
0.146364
0.123964
0.088413
0.134473
0.342806
0.285275
0.245399
0.294498
0.092259
0.117619
0.19665
0.232022
0.255505
0.330746
0.226966
0.105236
0.292966
0.162844
0.159172
0.057155
0.093995
0.089889
0.145885
0.065688
0.153104
0.023814
0.083872
0.067837
0.075213
0.027428
0.162037
0.155222
0.191538
0.218771
0.110494
0.090158
0.103812
0.319778
0.087004
0.377738
0.214752
0.196338
0.120276
0.083776
0.5539
0.164955
0.209643
0.190648
0.334519
0.194784
0.118395
0.097964
0.241342
0.118212
0.083816
0.238355
0.217174
0.087903
0.067978
0.201537
0.250887
0.116923
0.161039
0.084092
0.151628
0.091486
0.114908
0.138288
0.067761
0.232766
0.283791
0.101726
0.035221
0.217116
0.108664
0.06966
0.161778
0.083928
0.090622
0.064614
0.109723
0.174453
0.192308
0.21181
0.062162
0.670709
0.33574
0.239665
0.189317
0.322017
0.060857
0.086812
0.050481
0.078542
0.064287
0.08522
0.389938
0.291657
0.206591
0.301513
0.107267
0.166637
0.162647
0.02497
0.246565
0.25349
0.152115
0.130447
0.192673
0.238131
0.460089
0.112739
0.207363
0.049731
0.082815
0.111977
0.26283
0.144258
0.060812
0.343499
0.143267
0.121854
0.054042
0.188007
0.087271
0.034596
0.224353
0.084377
0.132463
0.098738
0.031581
0.180078
0.047105
0.307313
0.288465
0.025039
0.113384
0.011807
0.039251
0.186916
0.234773
0.204591
0.200427
0.049727
0.09471
0.195832
0.067412
0.127545
0.159308
0.091864
0.275206
0.114993
0.087181
0.147328
0.091172
0.078408
0.223669
0.118781
0.077662
0.110817
0.342951
0.121288
0.278459
0.224538
0.302818
0.053561
0.060283
0.082496
0.315635
0.120807
0.257054
0.196899
0.396653
0.056499
0.149904
0.09768
0.302039
0.169821
0.035484
0.102109
0.397143
0.06723
0.238081
0.110842
0.516141
0.068984
0.247052
0.103052
0.158882
0.041318
