0.119638
0.352277
0.130803
0.158336
0.076933
0.119687
0.250926
0.114521
0.134315
0.246408
0.134811
0.098493
0.169347
0.281264
0.172552
0.153091
0.101508
0.128749
0.334743
0.574142
0.043375
0.247337
0.029915
0.141772
0.157027
0.418509
0.177858
0.119566
0.16566
0.231013
0.13775
0.151066
0.496011
0.077042
0.098241
0.065079
0.204154
0.076799
0.448535
0.228882
0.16986
0.202015
0.301323
0.137909
0.05408
0.061106
0.141557
0.105659
0.210741
0.175042
0.142807
0.079894
0.223839
0.066501
0.170223
0.078118
0.309853
0.199403
0.534148
0.293721
0.185411
0.137442
0.28023
0.093145
0.153076
0.012258
0.701214
0.153472
0.20002
0.170781
0.029857
0.148876
0.245308
0.129803
0.132789
0.090007
0.147531
0.098473
0.084374
0.05864
0.08877
0.026832
0.294781
0.171111
0.120827
0.343152
0.319923
0.156289
0.166434
0.132369
0.19121
0.103669
0.111559
0.054753
0.190433
0.310804
0.14444
0.159598
0.044572
0.215454
0.163805
0.209317
0.076944
0.161081
0.189555
0.07573
0.148168
0.214414
0.086212
0.06321
0.202291
0.124479
0.042201
0.194703
0.294094
0.232083
0.142823
0.172381
0.224291
0.685183
0.036596
0.062961
0.085083
0.087769
0.044314
0.139662
0.103882
0.197089
0.35489
0.153137
0.159269
0.075092
0.31304
0.037416
0.161897
0.054813
0.077261
0.196614
0.349272
0.117738
0.145274
0.139308
0.114826
0.169495
0.323609
0.415061
0.064871
0.651859
0.638961
0.637627
0.24545
0.331479
0.31416
0.034284
0.134587
0.565558
0.080041
0.250248
0.275621
0.151334
0.240777
0.249658
0.585544
0.0453
0.393028
0.18357
0.237748
0.109158
0.100969
0.037406
0.651199
0.088483
0.354158
0.785462
0.198528
0.278204
0.210593
0.084138
0.105349
0.200088
0.105131
0.034271
0.082224
0.336445
0.079708
0.309859
0.310874
0.027213
0.060202
0.138176
0.250782
0.114079
1.066493
0.235995
0.281159
0.062803
0.222687
0.358379
0.173106
0.054693
0.091476
0.232912
0.111712
0.03602
0.059416
0.12146
0.124225
0.068167
0.232686
0.035446
0.224096
0.094358
0.485111
0.136139
0.253675
0.298866
0.072969
0.08236
0.018277
0.064735
0.266191
0.324659
0.068175
0.40847
0.183087
0.156664
0.071625
0.304196
0.308469
0.215409
0.085876
0.20222
0.190438
0.114289
0.164472
0.082872
0.078797
0.1592
0.142912
0.224889
0.027233
0.042854
0.274357
0.088936
0.062528
0.235275
0.261725
0.153767
0.153917
0.021012
0.223403
0.143489
0.103777
0.074759
0.244212
0.155619
0.282609
0.187684
0.444509
0.403986
0.507111
0.087058
0.242563
0.015581
0.551407
0.295108
0.110204
0.208742
0.129833
0.091357
0.072937
0.240734
0.203308
0.259326
0.178845
0.459298
0.225897
0.01929
0.117857
0.051469
0.158663
0.047743
0.198669
0.036171
0.281981
0.084642
0.135173
0.054228
0.235963
0.106484
0.078504
0.12092
0.060277
0.222644
0.216512
0.192086
0.024485
0.368122
0.358565
0.177273
0.772361
0.088714
0.327028
0.034943
0.12445
0.062634
0.118127
0.172151
0.071667
0.209861
0.074155
0.171302
0.244257
0.154219
0.188557
0.166242
0.120246
0.316703
0.114538
0.274976
0.223728
0.371817
0.29596
0.304267
0.556393
0.050838
0.314011
0.254649
0.040962
0.123719
0.028506
0.108368
0.027083
0.082691
0.391705
0.095952
0.174293
0.022775
0.179227
0.031905
0.286172
0.084851
0.344202
0.073665
0.150533
0.206177
0.070491
0.173982
0.425558
0.031854
0.075397
0.108283
0.516507
0.072909
0.099907
0.109184
0.179242
0.129418
0.648452
0.070784
0.217548
0.121258
0.150279
0.088637
0.024123
0.031509
0.095878
0.396217
0.13235
0.058328
0.489534
0.151084
0.082918
0.088457
0.198993
0.034132
0.306829
0.077311
0.131821
0.093385
0.240912
0.110606
0.047184
0.289528
0.124106
0.316747
0.56555
0.273904
0.13548
0.068538
0.054058
0.06244
0.154374
0.105357
0.077515
0.311671
0.237879
0.121645
0.27519
0.10443
0.071653
0.056327
0.087443
0.047177
0.118081
0.146271
0.24995
0.314351
0.123192
0.054764
0.238541
0.283227
0.149885
0.301788
0.050736
0.117094
0.01496
0.122259
0.104383
0.117785
0.093966
0.182831
0.148337
0.158169
0.04275
0.086747
0.066533
0.289915
0.837663
0.159734
0.072804
0.296041
0.121018
0.140733
0.166947
0.0426
0.248896
0.036062
0.233198
0.07568
0.739527
0.043335
0.050643
0.218334
0.232383
0.061292
0.083291
0.14392
0.094568
0.233083
0.101771
0.297061
0.024622
0.114022
0.056298
0.143187
0.327558
0.129205
0.117443
0.160572
0.102463
0.094979
0.235504
0.126549
0.119117
0.009991
0.108773
0.050725
0.083041
0.133662
0.312636
0.177879
0.282269
0.014405
0.729388
0.341797
0.114213
0.048408
0.099529
0.276385
0.187017
0.100182
0.28145
0.259949
0.156341
0.258194
0.278399
0.341982
0.051509
0.072307
0.284322
0.198939
0.404203
0.042414
0.229267
0.295811
0.155297
0.072361
0.082012
0.445964
0.22832
0.161091
0.201358
0.362732
0.33941
0.168298
0.143883
0.2478
0.151186
0.132937
0.095228
0.099038
0.274922
0.100157
0.090432
0.120313
0.045862
0.131781
0.274419
0.109086
0.235072
0.062143
0.220786
0.110175
0.072355
0.235084
0.115196
0.105353
0.07313
0.326037
0.123636
0.104342
0.667392
0.113024
0.203972
0.072702
0.314885
0.143208
0.068828
0.39674
0.172357
0.054172
0.328992
0.111174
0.063355
0.44096
0.059474
0.15696
0.138897
0.20257
0.157194
0.085354
0.123281
0.087726
0.262952
0.056865
0.539158
0.026525
0.246265
0.143319
0.221955
0.072164
0.085909
0.099655
0.514434
0.062254
0.043913
0.15608
0.216084
0.377058
0.209522
0.18509
0.07906
0.127325
0.152373
0.252383
0.07888
0.095241
0.10347
0.652214
0.103775
0.098107
0.284919
0.84575
0.167058
0.26614
0.184284
0.054867
0.217429
0.145806
0.190325
0.184791
0.137913
0.119838
0.113592
0.300301
0.130434
0.075098
0.0435
0.115347
0.166067
0.03865
0.248715
0.096656
0.037121
0.092072
0.11594
0.20316
0.484567
0.227558
0.156521
0.103641
0.197216
0.026149
0.05033
0.013462
0.246804
0.033602
0.188051
0.32338
0.091321
0.048361
0.295589
0.349838
0.026334
0.196359
0.086772
0.061537
0.146774
0.270655
0.082696
0.208241
0.190875
0.259292
0.029749
0.094912
0.304241
0.077986
0.15665
0.121066
0.338617
0.091502
0.135842
0.127403
0.276256
0.078282
0.135684
0.016337
0.156952
0.041003
0.12547
0.065805
0.163335
0.067876
0.030762
0.11925
0.068304
0.634677
0.040033
0.021606
0.098671
0.224097
0.175803
0.267525
0.205422
0.084677
0.058852
0.317281
0.505976
0.254366
0.052106
0.149262
0.48967
0.138183
0.22452
0.070407
0.292788
0.183384
0.214358
0.081265
0.107469
0.027077
0.274336
0.172081
0.394861
0.240114
0.387029
0.074772
0.553373
0.31841
0.362365
0.16985
0.218721
0.034966
0.089043
0.082538
0.127126
0.27619
0.096154
0.045504
0.129392
0.363595
0.068899
0.177954
0.167501
0.078974
0.187364
0.069866
0.144362
0.313918
0.049468
0.309369
0.095111
0.28601
0.075463
0.382998
0.020298
0.281616
0.275835
0.150943
0.286344
0.545345
0.183856
0.065426
0.57921
0.054356
0.096615
0.060043
0.112071
0.722347
0.1174
0.271121
0.276506
0.088407
0.169559
0.234711
0.28868
0.138846
0.127523
0.091827
0.099858
0.067309
0.237732
0.343518
0.121443
0.14566
0.043077
0.064607
0.277475
0.329183
0.627728
0.280273
0.179783
0.518826
0.213314
0.114514
0.189269
0.093533
0.282557
0.0706
0.142802
0.148498
0.380543
0.190162
0.042166
0.19575
0.131941
0.104867
0.113249
0.030701
0.073888
0.195122
0.230313
0.145605
0.153101
0.143465
0.242624
0.206652
0.227779
0.162973
0.208761
0.038581
0.383222
0.102705
0.199597
0.1331
0.256349
0.235501
0.138768
0.120977
0.074872
0.036662
0.050744
0.079969
0.146293
0.043369
0.041412
0.28372
0.197642
0.169496
0.297676
0.100751
0.31577
0.448582
0.261992
0.158652
0.430315
0.145076
0.208896
0.097099
0.061803
0.113399
0.102092
0.099577
0.286113
0.313873
0.109575
0.176081
0.261061
0.086896
0.141071
0.164705
0.077598
0.114721
0.157288
0.409359
0.127394
0.638482
0.158116
0.17982
0.088433
0.151342
0.265744
0.256417
0.054607
0.102991
0.085588
0.263818
0.061184
0.158337
0.182681
0.070691
0.181048
0.113872
0.419518
0.125869
0.187188
0.141011
0.277121
0.374281
0.179397
0.078596
0.407319
0.033529
0.162147
0.047809
0.290396
0.128895
0.016966
0.086422
0.150056
0.038123
0.139202
0.09167
0.228921
0.042621
0.111101
0.367696
0.254381
0.077686
0.063362
0.112821
0.092508
0.133712
0.153751
0.327861
0.086916
0.350973
0.077305
0.03858
0.034972
0.109285
0.039181
0.129159
0.289056
0.107098
0.202873
0.169758
0.062887
0.141047
0.156727
0.11194
0.233412
0.180515
0.251706
0.137902
0.05696
0.251396
0.195532
0.259107
0.519969
0.252085
0.263577
0.047031
0.065696
0.108358
0.413913
0.144793
0.209909
0.148296
0.049727
0.067198
0.116646
0.293569
0.461218
0.060275
0.126151
0.084491
0.311019
0.265044
0.086399
0.156773
0.256298
0.118184
0.258831
0.3867
0.278637
0.11124
0.117501
0.285547
0.138431
0.471983
0.314183
0.23258
0.081479
0.315478
0.052055
0.321362
0.10906
0.478968
0.165875
0.071365
0.16282
0.243976
0.028546
0.168565
0.25648
0.126908
0.271237
0.398036
0.036093
0.117123
0.305191
0.126361
0.203153
0.137991
0.026962
0.142525
0.075378
0.193169
0.18917
0.203856
0.220535
0.193899
0.122079
0.020461
0.141621
0.049927
0.063188
0.257363
0.013336
0.14657
0.214021
0.173042
0.24406
0.055792
0.082281
0.114735
0.046577
0.38888
0.065715
0.057098
0.475562
0.36174
0.563337
0.231734
0.053935
0.372979
0.376302
0.34662
0.182542
0.189115
0.106483
0.089097
0.075464
0.318012
0.163432
0.212827
0.114268
0.402212
0.200344
0.144125
0.157895
0.144763
0.187606
0.139675
0.46478
0.658992
0.203057
0.151048
0.035885
0.096281
0.096922
0.217592
0.295698
0.30389
0.079798
0.376802
0.270145
0.106792
0.664915
0.23983
0.091172
0.736104
0.092831
0.19626
0.237138
0.113408
0.162756
0.327112
0.031882
0.123042
0.208126
0.223564
0.071548
0.172899
0.067209
0.369288
0.091584
0.066036
0.091085
0.284935
0.052935
0.12737
0.144193
0.236424
0.115164
0.22483
0.79171
0.051744
0.35678
0.378739
0.054916
0.133359
0.088104
0.336241
0.02224
0.265381
0.370631
0.39302
0.049226
0.108022
0.16914
0.028224
0.259072
0.056804
0.088645
0.090573
0.116766
0.23168
0.20904
0.213267
0.154686
0.056116
0.092825
0.287621
0.373158
0.27173
0.218611
0.135074
0.015255
0.119605
0.151804
0.899447
0.126642
0.210589
0.023321
0.257642
0.15645
0.174764
0.215505
0.079464
0.068258
0.441336
0.038
0.066268
0.292197
0.140345
0.37646
0.11729
0.314618
0.198874
0.116756
0.078259
0.230526
0.323035
0.209024
0.321594
0.177668
0.477534
0.247257
0.087313
0.212356
0.140199
0.167667
0.426669
0.29377
0.162196
0.066114
0.1227
0.109297
0.2417
0.15539
0.034406
0.094676
0.165477
0.219209
0.191686
0.136673
0.12102
0.11522
0.077572
0.198508
0.146853
0.082628
0.198989
0.114602
0.021877
0.15536
0.170075
0.023075
0.331799
0.357306
0.37803
1.050408
0.268644
0.209525
0.377513
0.088757
0.06686
0.280837
0.487876
0.184737
0.177281
0.265667
0.214007
0.202338
0.110824
0.320788
0.115657
0.116537
0.095543
0.615172
0.142528
0.394872
0.246825
0.238847
0.104574
0.0968
0.054605
0.03792
0.189408
0.094624
0.146246
0.118883
0.171534
0.146035
0.225068
0.055755
0.412875
0.210224
0.290374
0.034587
0.189626
0.105255
0.101671
0.10834
0.202313
0.596597
0.116551
0.128028
0.295707
0.172835
0.072322
0.146699
0.461853
0.14164
0.578355
0.18312
0.043118
0.060182
0.186796
0.241696
0.388152
0.201081
0.213929
0.088918
0.293198
0.296959
0.048454
0.274365
0.075998
0.143622
0.150354
0.179632
0.084096
0.135612
0.32904
0.239183
0.034734
0.112719
0.328831
0.463918
0.153308
0.491043
0.123109
0.063633
0.138589
0.131768
0.105749
0.181461
0.003948
0.248018
0.008078
0.082647
0.114922
0.142665
0.117613
0.098485
0.481224
0.224593
0.120625
0.067451
0.132381
0.284781
0.194317
0.222564
0.228655
0.022538
0.032033
0.30899
0.037928
0.333423
0.170568
0.233175
0.128233
0.436859
0.27686
0.094267
0.085087
0.439876
0.072239
0.215861
0.23469
0.165354
0.159987
0.149554
0.179121
0.419706
0.218296
0.08739
0.03703
0.439417
0.040632
0.250643
0.215849
0.1052
0.349618
0.215039
0.030576
0.28386
0.17396
0.093941
0.246941
0.225223
0.100004
0.182168
0.756213
0.211612
0.199753
0.119906
0.059634
0.171318
0.37964
0.146641
0.141675
0.130434
0.042478
0.155879
0.062693
0.184406
0.531608
0.288101
0.089383
0.265214
0.228306
0.070783
0.165899
0.046783
0.13381
0.169659
0.261098
0.103931
0.469523
0.157264
0.158486
0.397027
0.176098
0.181435
0.188667
0.091062
0.144108
0.574094
0.116255
0.440448
0.209508
0.121969
0.209986
0.16808
0.279145
0.249375
0.143038
0.435707
0.227058
0.062197
0.151607
0.118164
0.132271
0.095996
0.125109
0.188259
0.120618
0.168708
0.101259
0.156932
0.249497
0.186149
0.542341
0.181352
0.074977
0.110466
0.411625
0.239827
0.117229
0.1103
0.105441
0.122612
0.437501
0.051149
0.0711
0.081596
0.29472
0.344583
0.11185
0.218193
0.092897
0.043188
0.189796
0.131182
0.153038
0.066678
0.227457
0.122196
0.051388
0.159966
0.137985
0.830079
0.288718
0.229915
0.060919
0.34589
0.479347
0.017099
0.275157
0.341071
0.717359
0.063045
0.27816
0.313057
0.174999
0.187565
0.216167
0.179823
0.234008
0.108919
0.404697
0.038074
0.219718
0.179119
0.134798
0.161212
0.162303
0.130643
0.23252
0.257559
0.353033
0.052456
0.254955
0.362338
0.319901
0.281829
0.03833
0.061566
0.127793
0.21859
0.164493
0.165691
0.095137
0.19468
0.261815
0.171928
0.230796
0.289878
0.316302
0.207488
0.121702
0.21567
0.250943
0.09934
0.209516
0.099814
0.050638
0.128748
0.136028
0.196885
0.253686
0.074668
0.027828
0.267002
0.072896
0.142949
0.150598
0.199251
0.255914
0.362225
0.074788
0.226646
0.091124
0.389873
0.208071
0.287435
0.162861
0.377625
0.10262
0.084492
0.243976
0.368736
0.068682
0.227812
0.152413
0.244443
0.092511
0.135982
0.212636
0.134713
0.227986
0.250437
0.139064
0.553128
0.153414
0.245844
0.143053
0.063603
0.124131
0.188794
0.122126
0.038683
0.229843
0.193635
0.178369
0.108705
0.023709
0.365288
0.679334
0.40891
0.135787
0.127967
0.160123
0.255562
0.147422
0.328096
0.071221
0.214708
0.258907
0.367633
0.082081
0.109266
0.064352
0.088218
0.042605
0.101963
0.147304
0.209435
0.239134
0.021847
0.131063
0.10704
0.173527
0.402835
0.661365
0.089534
0.419921
0.067917
0.244683
0.327668
0.669199
0.06771
0.069434
0.199219
0.060518
0.149072
0.261038
0.069756
0.436995
0.426981
0.118635
0.208636
0.215259
0.13548
0.306726
0.051299
0.366629
0.34108
0.100003
0.262725
0.072966
0.114529
0.337853
0.125169
0.273492
0.157085
0.061412
0.099932
0.310341
0.040035
0.288244
0.273356
0.237669
0.147461
0.367057
0.208111
0.057347
0.070077
0.181234
0.043915
0.100986
0.27775
0.127999
0.157371
0.122618
0.043518
0.302797
0.154432
0.16866
0.310212
0.055988
0.09517
0.385725
0.138065
0.046355
0.413736
0.236097
0.140991
0.093956
0.080237
0.055178
0.8554
0.123089
0.142956
0.315509
0.289829
0.138444
0.081311
0.198404
0.252189
0.223527
0.084999
0.149557
0.113988
0.026529
0.217618
0.114335
0.20336
0.023128
0.032302
0.144925
0.255176
0.406472
0.608583
0.152108
0.163977
0.140108
0.903614
0.205922
0.057712
0.164633
0.33261
0.181787
0.190526
0.283753
0.231201
0.548816
0.217053
0.103
0.025559
0.145245
0.076846
0.166599
0.141813
0.103621
0.142476
0.204914
0.404315
0.360975
0.206461
0.184707
0.205835
0.1983
0.378966
0.032049
0.153651
0.204723
0.042622
0.284693
0.120497
0.028358
0.043976
0.267542
0.07831
0.113328
0.21885
0.210368
0.190524
0.023105
0.071483
0.117034
0.322666
0.274089
0.467328
0.127062
0.23199
0.122462
0.512457
0.406234
0.120655
0.127545
0.137165
0.170477
0.058825
0.158428
0.355491
0.042013
0.400396
0.253539
0.106231
0.14073
0.06076
0.131453
0.157209
0.067812
0.274737
0.034238
0.109637
0.116974
0.115686
0.363068
0.269834
0.346028
0.105662
1.190285
0.464445
0.207257
0.149395
0.106328
0.789317
0.145546
0.116838
0.020095
0.185394
0.243933
0.084564
0.317832
0.042335
0.135763
0.477879
0.209645
0.198354
0.106128
0.482819
0.102855
0.177699
0.0824
0.372105
0.191236
0.245335
0.024227
0.036852
0.057142
0.092212
0.063445
0.250218
0.517908
0.101292
0.062172
0.091813
0.042009
0.083383
0.141167
0.020206
0.231831
0.146671
0.077278
0.188143
0.111613
0.188508
0.484802
0.36961
0.595359
0.233312
0.058129
0.242465
0.035645
0.127225
0.414354
0.260276
0.168512
0.140612
0.373004
0.098168
0.303823
0.234869
0.111902
0.135119
0.056204
0.292286
0.010507
0.178747
0.035281
0.053827
0.151422
0.293302
0.26723
0.065327
0.11738
0.314535
0.016528
0.089568
0.189681
0.225754
0.021262
0.123871
0.114136
0.298937
0.146005
0.236939
0.262219
0.132579
0.101586
0.131423
0.145106
0.245687
0.144659
0.125131
0.091726
0.040414
0.569637
0.035137
0.562986
0.108819
0.222225
0.257064
0.134038
0.085534
0.122905
0.07058
0.080239
0.034972
0.133317
0.144257
0.141434
0.135491
0.202396
0.183592
0.239114
0.063526
0.220607
0.328231
0.066645
0.273532
0.216083
0.258914
0.059413
0.493514
0.105503
0.280242
0.093168
0.193757
0.150302
0.333934
0.044591
0.131543
0.037153
0.055229
0.151768
0.056196
0.177699
0.029931
0.397979
0.059565
0.172106
0.202221
0.394375
0.069802
0.324716
0.038264
0.933938
0.164922
0.090055
0.18244
0.211395
0.082335
0.03054
0.174694
0.087777
0.127872
0.18611
0.227164
0.124745
0.165748
0.304985
0.242113
0.116087
0.128579
0.079108
0.217718
0.164759
0.07707
0.338005
0.098149
0.068
0.223111
0.280674
0.100708
0.213818
0.199583
0.432024
0.234907
0.416157
0.671342
0.410975
0.02806
0.107897
0.039167
0.603661
0.09983
0.207955
0.210373
0.152741
0.159666
0.147652
0.139588
0.126993
0.384981
0.086223
0.497826
0.028795
0.392682
0.043337
0.47461
0.079322
0.246719
0.177205
0.568145
0.153694
0.174671
0.361143
0.165307
0.176951
0.051378
0.023958
0.339478
0.141591
0.189915
0.275539
0.031234
0.20904
0.191535
0.103111
0.238944
0.099011
0.254803
0.355102
0.058191
0.168391
0.229817
0.178206
0.10646
0.226479
0.119031
0.369133
0.149815
0.299468
0.193706
0.14463
0.039204
0.144355
0.064105
0.171286
0.130657
0.12288
0.269703
0.249199
0.072846
0.344682
0.69607
0.081496
0.089712
0.134373
0.474759
0.073791
0.105365
0.097067
0.103661
0.110527
0.214745
0.100774
0.064907
0.294614
0.11136
0.025652
0.198075
0.143374
0.066729
0.484824
0.219352
0.143311
0.189925
0.302886
0.154322
0.456237
0.075377
0.040403
0.160734
0.152326
0.108165
0.191643
0.32892
0.049565
0.050278
0.021339
0.215289
0.201361
0.091954
0.165888
0.226202
0.990324
0.144838
0.314492
0.439105
0.272704
0.108913
0.078025
0.090406
0.1071
0.043846
0.267899
0.477651
0.130598
0.186046
0.021794
0.210723
0.156841
0.131596
0.155546
0.12698
0.317829
0.026761
0.055982
0.161858
0.171644
0.091801
0.146667
0.053205
0.057978
0.021829
0.098411
0.210076
0.07318
0.137087
0.528668
0.100167
0.058006
0.07564
0.092746
0.234512
0.150926
0.241862
0.145121
0.115279
0.139128
0.050144
0.233171
0.21052
0.129635
0.26372
0.18088
0.064744
0.557677
0.395625
0.212152
0.265245
0.142902
0.23033
0.162734
0.432645
0.571692
0.470543
0.078559
0.467871
0.332371
0.059381
0.093964
0.131204
0.058122
0.34418
0.243052
0.209997
0.150414
0.477026
0.144198
0.060584
0.114637
0.049256
0.216852
0.073099
0.061415
0.114508
0.076764
0.071134
0.164192
0.188949
0.589529
0.117222
0.068481
0.484369
0.11431
0.296365
0.081347
0.103962
0.125492
0.615551
0.106436
0.015245
0.080428
0.059356
0.093887
0.11392
0.126598
0.712694
0.157081
0.103357
0.176463
0.922157
0.237994
0.121266
0.597186
0.087165
0.140041
0.156292
0.258492
0.335284
0.087343
0.120929
0.357603
0.403705
0.151475
0.346624
0.199197
0.177228
0.425364
0.193204
0.278025
0.117517
0.211059
0.089272
0.200754
0.143403
0.032482
0.06339
0.037343
0.188033
0.218754
0.522342
0.103012
0.172204
0.483267
0.106253
0.16326
0.437566
0.164082
0.108122
0.1414
0.084002
0.131524
0.161703
0.406153
0.084889
0.1832
0.144929
0.174716
0.129928
0.128395
0.310289
0.461473
0.327782
0.073216
0.24817
0.103376
0.132659
0.068892
0.088572
0.186189
0.105486
0.204372
0.180312
0.227995
0.114828
0.168557
0.126766
0.132408
0.115362
0.265721
0.342121
0.191576
0.386264
0.3192
0.142831
0.060583
0.157793
0.172346
0.210718
0.035618
0.035369
0.291367
0.13746
0.163999
0.188862
0.250323
0.133969
0.307467
0.103156
0.096628
0.166179
0.116878
0.143366
0.053162
0.08046
0.261068
0.118333
0.274669
0.244646
0.019032
0.087974
0.364817
0.14174
0.094172
0.131113
0.31023
0.040388
0.073282
0.160226
0.247876
0.270143
0.154268
0.117102
0.134789
0.171178
0.421357
0.593545
0.061179
0.149936
0.098185
0.357859
0.26541
0.270525
0.082322
0.201652
0.270471
0.479199
0.402028
0.225224
0.274802
0.230358
0.323984
0.114191
0.56634
0.139537
0.32172
0.102207
0.042545
0.137826
0.049769
0.440992
0.145885
0.045498
0.135656
0.049804
0.230162
0.087184
0.298276
0.113286
0.127305
0.198601
0.036862
0.216343
0.070731
0.132168
0.06031
0.074701
0.048499
0.478981
0.086405
0.587457
0.02265
0.208382
0.043145
0.263849
0.1348
0.188175
0.39952
0.101452
0.127613
0.143619
0.168776
0.173387
0.075863
0.058641
0.150895
0.075981
0.136275
0.152274
0.392702
0.053048
0.078124
0.132058
0.148214
0.026902
0.063122
0.186291
0.209691
0.093472
0.144514
0.185105
0.074424
0.218532
0.017728
0.151503
0.251344
0.1182
0.196291
0.116921
0.160659
0.103626
0.242115
0.159038
0.331135
0.458111
0.124706
0.095476
0.112442
0.103672
0.052018
0.246464
0.586327
0.156955
0.141685
0.275325
0.229679
0.060414
0.032267
0.193891
0.279566
0.1388
0.155912
0.356214
0.11113
0.56602
0.082923
0.196041
0.213139
0.042011
0.070039
0.082998
0.500873
0.168127
0.266275
0.084027
0.636158
0.059101
0.321387
0.099103
0.414943
0.05791
0.228062
0.340207
1.390891
0.05666
0.03108
0.064535
0.065211
0.12043
0.380139
0.190437
0.38262
0.17033
0.078048
0.258572
0.095348
0.076895
0.04613
0.307443
0.38943
0.089001
0.071499
0.374697
0.480532
0.301293
0.024328
0.022455
0.087296
0.216743
0.125973
0.115489
0.319033
0.065108
0.583749
0.149631
0.221859
0.098782
0.153667
0.387602
0.186553
0.400132
0.489591
0.103451
0.15567
0.187166
0.123832
0.126463
0.048785
0.009159
0.087821
0.115042
0.557755
0.177301
0.081061
0.043018
0.082932
0.078512
0.212675
0.12731
0.196998
0.139682
0.048828
0.136208
0.201853
0.35438
0.324014
0.155643
0.075773
0.079846
0.079075
0.230478
0.197979
0.137785
0.194079
0.24606
0.122951
0.245722
0.173574
0.066127
0.046092
0.570532
0.106965
0.208553
0.321503
0.036282
0.34918
0.108284
0.115627
0.060709
0.491979
0.138434
0.23077
0.375792
0.098394
0.278037
0.039428
0.186142
0.119197
0.435729
0.709265
0.055204
0.302549
0.138058
0.081063
0.015997
0.184864
0.123372
0.093067
0.303184
0.285586
0.567765
0.261191
0.222436
0.03645
0.145308
0.210125
0.345329
0.242895
0.128648
0.157531
0.025083
0.075742
0.219258
0.51458
0.112102
0.1538
0.043359
0.306036
0.211459
0.039808
0.675382
0.150965
0.045136
0.184267
0.074357
0.227419
0.152921
0.725402
0.095529
0.230241
0.08668
0.18306
0.090089
0.085915
0.12801
0.01916
0.061872
0.101915
0.079764
0.163801
0.117692
0.249816
0.099359
0.210012
0.044901
0.207135
0.098731
0.259672
0.050208
0.279303
0.131429
0.100561
0.04864
0.04185
0.105131
0.148402
0.313164
0.226178
0.04017
0.199559
0.092133
0.526464
0.120877
0.119397
0.320983
0.884756
0.08205
0.453899
0.131655
0.05532
0.170996
0.132054
0.120231
0.229495
0.335895
0.150777
0.186136
0.048367
0.445933
0.081606
0.659997
0.298854
0.220785
0.125755
0.080878
0.26867
0.231446
0.191645
0.205948
0.189687
0.1895
0.296281
0.072721
0.242655
0.14918
0.302753
0.411342
0.12189
0.259255
0.306049
0.150924
0.253648
0.308304
0.151597
0.756141
0.095643
0.126601
0.294601
0.123231
0.161412
0.183362
0.355764
0.474378
0.135784
0.058549
0.234586
0.362123
0.023278
0.396989
0.267386
0.173502
0.236026
0.514205
1.003742
0.195203
0.412685
0.410005
0.102537
0.096453
0.147242
0.209629
0.566677
0.123593
0.491194
0.047236
0.287491
0.140697
0.388112
0.216606
0.221565
0.238673
0.921332
0.278639
0.173449
0.100239
0.153794
0.505981
0.163779
0.330701
0.136463
0.333308
0.288511
0.407645
0.234126
0.219431
0.218473
0.309777
0.080881
0.41957
0.241545
0.35048
0.068538
0.212689
0.16
0.072224
0.366477
0.035842
0.244411
0.037433
0.088853
0.118049
0.02549
0.049566
0.056933
0.303773
0.071551
0.208014
0.24199
0.057291
0.055555
0.071335
0.11173
0.203349
0.103955
0.213821
0.13678
0.201427
0.553262
0.459041
0.104879
0.144694
0.220017
0.470682
0.249154
0.145401
0.086817
0.074526
0.055755
0.190116
0.059285
1.019637
0.03345
0.095124
0.228265
0.060563
0.18481
0.185686
0.334095
0.187325
0.156835
0.143768
0.034615
0.090979
0.040752
0.150036
0.473589
0.222465
0.152327
0.101194
0.176971
0.445016
0.092398
0.250866
0.296617
0.138289
0.111501
0.17263
0.297935
0.32076
0.084521
0.103003
0.469163
0.235443
0.25225
0.198367
0.198026
0.272981
0.126789
0.184
0.22877
0.501874
0.263414
0.030238
0.342397
0.035192
0.216554
0.285841
0.294473
0.07107
0.500993
0.050124
0.066416
0.102164
0.094952
0.234393
0.097546
0.16373
0.584612
0.182202
0.148265
0.075459
0.102941
0.094493
0.287019
0.058449
0.197256
0.086393
0.135981
0.126156
0.074807
0.007223
0.147628
0.103669
0.246733
0.250223
0.079708
0.310329
0.164374
0.032884
0.143616
0.297134
0.085087
0.091391
0.051581
0.249103
0.163986
0.115087
0.182675
0.257117
0.112859
0.055086
0.066714
0.143398
0.194125
0.081406
0.097933
0.187173
0.346922
0.042224
0.203222
0.099119
0.088279
0.075838
0.073642
0.024824
0.139466
0.091614
0.43705
0.023213
0.331698
0.125617
0.17499
0.101458
0.27092
0.052484
0.06519
0.107937
0.207797
0.062133
0.140198
0.528206
0.212186
0.201587
0.094425
0.193928
0.037275
0.380427
0.098128
0.05731
0.336842
0.080375
0.211083
0.335769
0.146941
0.038433
0.229933
0.205328
0.222993
0.110028
0.317565
0.182817
0.072241
0.413924
0.399269
0.388738
0.208112
0.409371
0.044366
0.115346
0.286318
0.242779
0.061011
0.094392
0.027599
0.201784
0.224511
0.16543
0.089368
0.094772
0.016606
0.253246
0.691156
0.12009
0.112002
0.040032
0.139449
0.199272
0.263461
0.165191
0.043295
0.226454
0.071339
0.112579
0.040032
0.143578
0.628036
0.305256
0.275576
0.162744
0.054696
0.084573
0.165733
0.406379
0.042089
0.135797
0.224836
0.064748
0.250603
0.168171
0.157238
0.108247
0.098261
0.107614
0.080597
0.319651
0.086315
0.134094
0.130157
0.079785
0.490359
0.189485
0.240321
0.304285
0.030447
0.094609
0.039227
0.03378
0.14005
0.28795
0.397135
0.259341
0.29434
0.245591
0.11363
0.320277
0.08224
0.021439
0.394063
0.196608
0.182181
0.240562
0.151863
0.405555
0.399761
0.09577
0.112
0.039587
0.079136
0.053063
0.308348
0.277567
0.313395
0.274652
0.086593
0.366904
0.062084
0.301845
0.038507
0.253818
0.32756
0.086566
0.025853
0.177212
0.238687
0.216738
0.167448
0.134021
0.093903
0.160639
0.611359
0.06729
0.092824
0.482693
0.063446
0.254308
0.222149
0.023161
0.163367
0.070063
0.11961
0.175864
0.268615
0.23871
0.174073
0.27449
0.236135
0.289483
0.079413
0.054204
0.288745
0.27004
0.187086
0.250561
0.111669
0.105305
0.101722
0.128805
0.080519
0.016169
0.321079
0.104238
0.193683
0.07608
0.103756
0.337163
0.294539
0.116228
0.158616
0.130846
0.059437
0.319834
0.465263
0.259016
0.197627
0.061743
0.10922
0.045454
0.021454
0.458952
0.095185
0.542016
0.085832
0.239014
0.113459
0.12989
0.19663
0.11187
0.090708
0.095768
0.376552
0.277932
0.125019
0.093678
0.202158
0.251354
0.066281
0.332323
0.322814
0.079704
0.480569
0.240304
0.161507
0.180404
0.124072
0.249821
0.127461
0.196547
0.146483
0.202956
0.262301
0.245363
0.154269
0.13867
0.212422
0.499797
0.06616
0.075648
0.339046
0.094134
0.147595
0.486315
0.148645
0.202286
0.298192
0.267973
0.259584
0.06633
0.256737
0.138762
0.205988
0.082053
0.015514
0.154156
0.05666
0.23364
0.090723
0.077674
0.21202
0.155686
0.094603
0.208121
0.211108
0.109526
0.220822
0.14561
0.365319
0.269518
0.078281
0.273021
0.111023
0.025503
0.081127
0.230084
0.079349
0.219765
0.144888
0.327283
0.034791
0.654301
0.120961
0.091655
0.378159
0.190576
0.085862
0.312521
0.128156
0.167798
0.065273
0.026385
0.084326
0.652544
0.827417
0.122834
0.342508
0.182771
0.051385
0.092277
0.106947
0.058717
0.147148
0.086348
1.032052
0.050925
0.236622
0.05976
0.21154
0.15515
0.041557
1.035871
0.27029
0.059683
0.277393
0.272452
0.033186
0.311775
0.177476
0.202106
0.130171
0.122026
0.076148
0.146905
0.094339
0.167819
0.044776
0.329859
0.036615
0.266693
0.095171
0.215937
0.221942
0.182449
0.243932
0.119586
0.091844
0.12222
0.123962
0.149516
0.098558
0.200401
0.158881
0.128752
0.154848
0.0558
0.310298
0.048082
0.892765
0.113679
0.502313
0.037117
0.217872
0.232723
0.100708
0.140898
0.161666
0.107449
0.159242
0.039289
0.02034
0.085245
0.468111
0.098566
0.276555
0.043402
0.099189
0.254941
0.115069
0.197974
0.085215
0.262633
0.109085
0.519542
0.191387
0.066019
0.160686
0.012564
0.095798
0.214321
0.029249
0.417531
0.507438
0.085866
0.089534
0.26932
0.278044
0.244864
0.258452
0.215324
0.128278
0.281025
0.188727
0.234456
0.094619
0.142255
0.131328
0.164348
0.254128
0.169442
0.147979
0.194674
0.048691
0.104908
0.115079
0.133943
0.535209
0.17856
0.337615
0.10659
0.06397
0.281816
0.392509
0.126998
0.107062
0.54697
0.252908
0.14049
0.412603
0.080148
0.171434
0.30674
0.082006
0.111656
0.143322
0.122258
0.170262
0.62055
0.041216
0.161692
0.316867
0.301566
0.042312
0.158652
0.047134
0.153673
0.168764
0.047967
0.164273
0.182292
0.245568
0.210862
0.149213
0.20114
0.236267
0.343797
0.111439
0.051115
0.083933
0.265199
0.023594
0.184444
0.266181
0.233871
0.251711
0.173955
0.286073
0.14954
0.084125
0.090601
0.024911
0.110631
0.05115
0.169052
0.284605
0.137672
0.282091
0.333253
0.091074
0.064009
0.221214
0.083419
0.20044
0.086123
0.16011
0.402494
0.03968
0.032286
0.123804
0.369566
0.191494
0.153551
0.363201
0.120187
0.110418
0.409485
0.271104
0.228192
0.079208
0.066121
0.059665
0.066184
0.067633
0.422822
0.040462
0.138807
0.21852
0.070908
0.306482
0.124034
0.26884
0.191193
0.011516
0.163294
0.110962
0.057654
0.079952
0.169866
0.083896
0.069771
0.078078
0.455431
0.032426
0.113201
0.136583
0.468438
0.36477
0.126369
0.366857
0.569396
0.082279
0.193206
0.201613
0.163333
0.060247
0.25708
0.502007
0.067552
0.228961
0.1484
0.432657
0.382229
0.061765
0.080017
0.10695
0.256404
0.190864
0.171213
0.123751
0.12486
0.2996
0.271524
0.187303
0.393097
0.05124
0.038559
0.094622
0.030822
0.199862
0.435834
0.252463
0.178263
0.335474
0.069909
0.146255
0.046646
0.086257
0.077772
0.177135
0.202798
0.228939
0.086774
0.090185
0.061409
0.031928
0.032581
0.217129
0.062257
0.056199
0.458244
0.114201
0.070622
0.2043
0.06773
0.249021
0.344336
0.252585
0.178257
0.14961
0.029018
0.067263
0.201558
0.119719
0.203632
0.061117
0.202398
0.288078
0.119955
0.347677
0.135252
0.2351
0.275056
0.214699
0.281332
0.163288
0.091005
0.024216
0.06286
0.078132
0.09693
0.231497
0.017981
0.530284
0.297856
0.138484
0.102855
0.297378
0.227127
0.095293
0.291266
0.131254
0.08689
0.113097
0.393576
0.025237
0.03744
0.745345
0.156574
0.169151
0.343982
0.089335
0.117184
0.443652
0.064628
0.427886
0.143871
0.10201
0.260784
0.093907
0.305175
0.12286
0.10136
0.291995
0.054226
0.144704
0.036867
0.184839
0.604064
0.20402
0.102775
0.230906
0.13055
0.413238
0.414716
0.542121
0.170159
0.063649
0.092522
0.06548
0.119302
0.086242
0.029904
0.065664
0.31677
0.058898
0.248284
0.223867
0.023218
0.292528
0.553053
0.241797
0.143607
0.137052
0.044824
0.238705
0.18895
0.040222
0.131515
0.132809
0.047025
0.238173
0.282769
0.160495
0.14976
0.174697
0.035179
0.08593
0.352263
0.101975
0.072739
0.129843
0.437146
0.375357
0.443567
0.49131
0.515939
0.258047
0.153875
0.124342
0.117026
0.256189
0.424214
0.176107
0.169266
0.218636
0.187643
0.226364
0.068734
0.060663
0.103916
0.14837
0.331799
0.139546
0.249253
0.091262
0.14647
0.326669
0.117269
0.119317
0.067097
0.034472
0.086453
0.096462
0.050142
0.216087
0.0485
0.248722
0.145739
0.216687
0.120099
0.425668
0.090888
0.226033
0.357391
0.144217
0.340294
0.177106
0.14379
0.356921
0.220962
0.369655
0.268587
0.125528
0.248177
0.448223
0.03937
0.097212
0.218837
0.165384
0.092401
0.179799
0.071766
0.126128
0.043221
0.095607
0.286922
0.258404
0.311957
0.139396
0.349242
0.168669
0.208039
0.200033
0.301463
0.197513
0.175807
0.080862
0.043055
0.263029
0.433724
0.319682
0.444573
0.589466
0.091067
0.041109
0.086112
0.094481
0.120013
0.230845
0.166079
0.48383
0.142388
0.064896
0.158497
0.150525
0.371296
0.368619
0.303798
0.276038
0.250815
0.098894
0.280367
0.2908
0.133791
0.184859
0.118793
0.263864
0.263875
0.058898
0.175199
1.389679
0.137463
0.356387
0.089793
0.529827
0.179897
0.103588
0.111942
0.075534
0.18058
0.079228
0.068068
0.198342
0.371424
0.074435
0.150672
0.17466
0.084135
0.123594
0.107752
0.367674
0.09567
0.345778
0.143713
0.420942
0.135811
0.29663
0.322045
0.082577
0.257757
0.152799
1.098042
0.512028
0.093828
1.029475
0.253393
0.171541
0.104109
0.251593
0.325208
0.057073
0.24642
0.133229
0.051912
0.324388
0.317356
0.04284
0.26136
0.107559
0.150318
0.179373
0.163211
0.125235
0.099336
0.140796
0.098898
0.137763
0.266702
0.38629
0.3103
0.557103
0.162582
0.14243
0.120678
0.327139
0.145151
0.04484
0.041957
0.380125
0.277423
0.072885
0.09305
0.163567
0.11564
0.018418
0.284165
0.19425
0.452353
0.318061
0.168249
0.252777
0.07211
0.021212
0.554873
0.05808
0.040012
0.227249
0.287031
0.358335
0.216714
0.361266
0.176056
0.29544
0.057972
0.047906
0.074427
0.050927
0.025716
0.293292
0.134371
0.225259
0.090335
0.183675
0.25507
0.145471
0.027144
0.082173
0.243794
0.230992
0.068627
0.198342
0.278964
0.103243
0.095916
0.034143
0.036499
0.118777
0.086666
0.184334
0.107024
0.120184
0.072402
0.215737
0.20771
0.212277
0.227473
0.053295
0.103006
0.289847
0.139994
0.159067
0.111875
0.094885
0.042465
0.091071
0.029793
0.20247
0.401896
0.088025
0.05249
0.081823
0.268426
0.089066
0.1945
0.048302
0.153187
0.020198
0.176694
0.092914
0.101803
0.16056
0.250315
0.188084
0.048727
0.04403
0.593388
0.200073
0.133576
0.301091
0.125326
0.184573
0.486498
0.098165
0.120868
0.170615
1.234618
0.138285
0.093599
0.147049
0.233469
0.100053
0.009614
0.099138
0.690377
0.057788
0.093942
0.141738
0.257491
0.158775
0.054767
0.305344
0.068569
0.35988
0.141023
0.030605
0.157255
0.185257
0.222208
0.090247
0.078282
0.115964
0.580609
0.028373
0.433004
0.203184
0.341544
0.41495
0.261228
0.255416
0.204779
0.085674
0.024726
0.131473
0.074389
0.1977
0.107241
0.131202
0.0469
0.070486
0.32978
0.339761
0.118085
0.115386
0.079655
0.171191
0.153965
0.024223
0.141273
0.02525
0.473156
0.066064
0.046219
0.373588
0.12277
0.229175
0.080992
0.142365
0.115925
0.165887
0.125745
0.054577
0.026139
0.066144
0.280868
0.106477
0.066346
0.071031
0.137073
0.236699
0.395932
0.289202
0.131081
0.067625
0.087041
0.057001
0.229749
0.245849
0.058249
0.158978
0.120147
0.239395
0.056029
0.185886
0.103058
0.050041
0.098972
0.759657
0.101179
0.23379
0.57289
0.16735
0.348327
0.396762
0.217892
0.155845
0.345736
0.005754
0.023905
0.496601
0.061088
0.13537
0.104717
0.092133
0.086187
0.07319
0.037804
0.064249
0.205158
0.256028
0.026644
0.285693
0.154844
0.046989
0.22002
0.139711
0.133865
0.220897
0.065685
0.036231
0.219803
0.16964
0.277614
0.2439
0.180907
0.147359
0.242672
0.163443
0.290631
0.39584
0.321803
0.157032
0.288932
0.051295
0.143288
0.217299
0.123808
0.066974
0.287124
0.091145
0.160593
0.200375
0.459517
0.092632
0.162529
0.338634
0.150226
0.078377
0.090225
0.20412
0.114082
0.04613
0.210282
0.575883
0.123046
0.032346
0.195911
0.082024
0.160863
0.091428
0.188757
0.023919
0.084911
0.091297
0.201102
0.461673
0.106956
0.02895
0.140253
0.115684
0.370508
0.165506
0.239716
0.202302
0.040247
0.153995
0.03305
0.08415
0.352993
0.417711
0.800567
0.143265
0.152486
0.240407
0.165373
0.059982
0.088067
0.082831
0.085784
0.176059
0.39158
0.108079
0.221506
0.208
0.114002
0.211167
0.214137
0.582739
0.237875
0.020998
0.174967
0.104924
0.388126
0.175161
0.54088
0.081577
0.270637
0.318525
0.168771
0.114407
0.088492
0.09766
0.338375
0.195989
0.028312
0.017467
0.226643
0.09215
0.188344
0.399344
0.349367
0.184791
0.075288
0.098773
0.194877
0.357888
0.114568
0.161382
0.261903
0.192557
0.400619
0.137636
0.221317
0.197452
0.15687
0.108594
0.048397
0.300855
0.124531
0.027901
0.105899
0.074762
0.256889
0.274877
0.165968
0.144603
0.327822
0.380985
0.199881
0.296177
0.148224
0.062763
0.316653
0.087401
0.12062
0.142752
0.198947
0.348041
0.255419
0.114869
0.109936
0.140447
0.225118
0.118627
0.320046
0.099167
0.093706
0.244985
0.253816
0.200237
0.557243
0.069659
0.283665
0.223276
0.078695
0.332716
0.335928
0.056005
0.281163
0.071003
0.419171
0.036474
0.120528
0.122834
0.319397
0.116844
0.351332
0.401607
0.457941
0.011959
0.699072
0.154072
0.168336
0.027317
0.437127
0.492225
0.494367
0.040818
0.160182
0.088467
0.209797
0.381015
0.025577
0.195259
0.346308
0.115405
0.251184
0.622907
0.573941
0.25015
0.388521
0.121796
0.120663
0.118758
0.171778
0.044002
0.441033
0.044743
0.181881
0.171691
0.057669
0.095144
0.18473
0.283528
0.148728
0.068245
0.254167
0.195421
0.147955
0.071063
0.180278
0.137943
0.265868
0.097313
0.450747
0.078316
0.08651
0.121472
0.235239
0.195002
0.101587
0.044071
0.113868
0.161885
0.254211
0.198708
0.414252
0.338082
0.091296
0.344761
0.116226
0.093925
0.091518
0.040765
0.241058
0.096669
0.063746
0.055415
0.179572
0.505761
0.254876
0.718455
0.209581
0.090807
0.103023
0.121548
0.312434
0.152474
0.04816
0.090756
0.109176
0.38668
0.394963
0.020781
0.096837
0.146456
0.072477
0.014754
0.117674
0.142235
0.261708
0.054424
0.226833
0.128575
0.147284
0.18957
0.091653
0.116127
0.060216
0.055205
0.030653
0.418324
0.011974
0.153383
0.021945
0.270568
0.399899
0.041496
0.594397
0.177461
0.194582
0.203562
0.161662
0.108316
0.25983
0.339462
0.264385
0.445103
0.065088
0.224811
0.107047
0.256738
0.293606
0.067613
0.09382
0.068507
0.439473
0.2009
0.129456
0.162123
0.434241
0.075583
0.215376
0.208048
0.16141
0.027867
0.555849
0.203711
0.371623
0.105439
0.478393
0.132635
0.125801
0.095067
0.039348
0.186367
0.260766
0.026185
0.019277
0.306548
0.457875
0.428578
0.570136
0.26297
0.085707
0.271146
0.204628
0.118489
0.140301
0.159262
0.260072
0.140545
0.112405
0.033866
0.182262
0.320627
0.160163
0.07851
0.232751
0.344088
0.40856
0.12593
0.113664
0.045234
0.123722
0.447382
0.181938
0.164991
0.238107
0.210717
0.054802
0.086197
0.442185
0.110301
0.063911
0.092538
0.141792
0.075577
0.238136
0.131976
0.343966
0.144061
0.125294
0.039246
0.074022
0.199326
0.218806
0.214628
0.125162
0.148093
0.046961
0.250821
0.098267
0.062208
0.288758
0.028009
0.49607
0.253387
0.209293
0.345349
0.188287
0.145
0.546378
0.10326
0.139717
0.162416
0.088063
0.258428
0.072533
0.125859
0.014058
0.069563
0.080071
0.104383
0.42924
0.441742
0.225874
0.079731
0.261845
0.369141
0.116257
0.035562
0.199913
0.260585
0.230445
0.424248
0.041259
0.25594
0.105421
0.241819
0.145567
0.257805
0.065794
0.075964
0.291055
0.184425
0.198901
0.1315
0.173596
0.23996
0.122361
0.188155
0.066957
0.144837
0.082152
0.191852
0.068618
0.141826
0.771624
0.069798
0.402016
0.191557
0.40104
0.140711
0.289311
0.139226
0.133909
0.109995
0.172703
0.123286
0.082639
0.315906
0.111171
0.376569
0.290232
0.146691
0.172189
0.085862
0.727885
0.313041
0.573257
0.077187
0.201724
0.118596
0.116587
0.20588
0.090277
0.394087
0.083786
0.10918
0.104919
0.184261
0.164183
0.106702
0.167438
0.099559
0.360333
0.298519
0.194958
0.090891
0.223352
0.091896
0.117455
0.184764
0.128386
0.076526
0.230308
0.395291
0.110654
0.254834
0.26522
0.129939
0.238494
0.172789
0.088399
0.042516
0.298733
0.086899
0.030123
0.199465
0.441889
0.122006
0.134028
0.064548
0.317397
0.305498
0.139397
0.130197
0.069026
0.119203
0.127312
0.46021
0.570009
0.351859
0.208834
0.079667
0.133662
0.520873
0.141939
0.114969
0.072515
0.250155
0.135507
0.325276
0.059419
0.236642
0.127953
0.886826
0.339473
0.148449
0.057747
0.282744
0.117367
0.05247
0.172174
0.30408
0.295818
0.292865
0.093422
0.224218
0.061348
0.418758
0.132407
0.288051
0.104653
0.570068
0.044044
0.164688
0.342208
0.149893
0.130954
0.174911
0.129019
0.439647
0.256366
0.196616
0.084991
0.62215
0.164858
0.067179
0.137072
0.031416
0.2209
0.123835
0.364131
0.049961
0.068635
0.211445
0.046853
0.148321
0.133242
0.052849
0.119642
0.25539
0.196763
0.044042
0.120854
0.038033
0.196315
0.204678
0.211832
0.330198
0.151128
0.079979
0.162019
0.260366
0.195384
0.058231
0.178221
0.81007
0.159567
0.28008
0.155997
0.174753
0.371511
0.50465
0.861312
0.460022
0.055064
0.403571
0.090156
0.349654
0.489553
0.116081
0.042434
0.061488
0.061984
0.072814
0.020399
0.164148
0.356557
0.394173
0.181809
0.439866
0.158886
0.047081
0.044695
0.057708
0.10437
0.103605
0.095379
0.214751
0.21968
0.248859
0.173425
0.528894
0.072587
0.107197
0.085624
0.079632
0.069161
0.024927
0.018994
0.267391
0.17199
0.039693
0.012582
0.062353
0.38405
0.224356
0.466824
0.400901
0.174751
0.166352
0.056496
0.186335
0.192372
0.080189
0.081623
0.238939
0.18113
0.236307
0.125364
0.261268
0.028094
0.034068
0.088275
0.347085
0.078166
0.385406
0.103377
0.031249
0.057877
0.307605
0.213409
0.10267
0.076375
0.059786
0.494119
0.011265
0.303892
0.164711
0.082121
0.289346
0.055462
0.067245
0.211577
0.155256
0.193949
0.074728
0.353673
0.120163
0.610885
0.259228
0.14637
0.310268
0.370244
0.355522
0.036832
0.037586
0.15774
0.205855
0.13058
0.101184
0.082832
0.348259
0.037089
0.13497
0.083934
0.090049
0.159896
0.133821
0.297917
0.249442
0.043088
0.100186
0.083584
0.247152
0.139813
0.116726
0.158755
0.080066
0.27638
0.072887
0.394667
0.082278
0.072553
0.348934
0.169849
0.31606
0.270628
0.309421
0.105649
0.271067
0.06384
0.065468
0.070005
0.246033
0.262851
0.227731
0.197083
0.129696
0.1909
0.129862
0.10789
0.091722
0.103881
0.035888
0.249306
0.107277
0.06147
0.233851
0.965057
0.087826
0.030886
0.038796
0.266459
0.111468
0.093184
0.118278
0.05871
0.0826
0.087699
0.075985
0.197345
0.07847
0.25466
0.399402
0.14005
0.347571
0.090514
0.061774
0.175101
0.105114
0.053342
0.139646
0.219588
0.034166
0.117353
0.100288
0.051216
0.057619
0.086073
0.306672
0.117854
0.267261
0.330823
0.168173
0.248502
0.191225
0.311156
0.234913
0.039476
0.055384
0.142196
0.061654
0.158719
0.074225
0.253118
0.244367
0.298403
0.106739
0.050285
0.107468
0.905379
0.138566
0.139619
0.131784
0.033862
0.48976
0.32686
0.221128
0.203196
0.163319
0.152447
0.022573
0.090031
0.160369
0.315011
0.044987
0.1202
0.171092
0.200961
0.211283
0.315391
0.353181
0.277386
0.467701
0.359565
0.037766
0.087082
0.128092
0.088802
0.424904
0.208943
0.111721
0.430628
0.349416
0.297753
0.244181
0.177782
0.215038
0.131293
0.116479
0.057695
0.328625
0.163088
0.203187
0.226499
0.027309
0.116532
0.348011
0.083912
0.239747
0.048078
0.15995
0.193502
0.3278
0.329015
0.092053
0.397485
0.158745
0.17566
0.131102
0.202126
0.066737
0.124978
0.202927
0.16624
0.097645
0.155423
0.085995
0.332741
0.156697
0.287393
0.050965
0.288653
0.170347
0.073459
0.308406
0.01043
0.205929
0.667777
0.375164
0.212678
0.258922
0.320639
0.07475
0.055018
0.957794
0.412582
0.241631
0.208016
0.118301
0.041003
0.300492
0.101793
0.278132
0.173751
0.16435
0.074948
0.107496
0.183522
0.176041
0.149942
0.119161
0.06369
0.398232
0.302795
0.14523
0.305969
0.019066
0.164899
0.088618
0.208175
0.057016
0.159757
0.174774
0.205897
0.03449
0.202688
0.058095
0.054582
0.511455
0.202152
0.288603
0.071382
0.22191
0.174309
0.108741
0.365995
0.149613
0.229423
0.122619
0.051633
0.129834
0.08987
0.257339
0.546906
0.148112
0.191763
0.074467
0.4832
0.255579
0.150431
0.054796
0.034262
0.125533
0.250851
0.073432
0.168025
0.131588
0.596176
0.138199
0.30609
0.052328
0.083305
0.222907
0.299003
0.191568
0.36846
0.10794
0.155549
0.059269
0.294606
0.097615
0.031231
0.141545
0.515421
0.142984
0.117686
0.097902
0.061175
0.321184
0.052399
0.197524
0.077841
0.42525
0.039319
0.110842
0.0533
0.08023
0.062992
0.480346
0.326804
0.161651
0.105907
0.077518
0.592126
0.310374
0.06633
0.209104
0.222225
0.118979
0.134494
0.222178
0.088937
0.350249
0.059847
0.335021
0.120478
0.030106
0.090234
0.213817
0.172268
0.032351
0.206715
0.038399
0.126997
0.732755
0.293566
0.10749
0.24109
0.057107
0.059473
0.143291
0.270063
0.014304
0.095362
0.051128
0.100332
0.270857
0.073371
0.065395
0.613989
0.096448
0.138051
0.198726
0.190752
0.109348
0.066883
0.098982
0.393435
0.070264
0.225932
0.199617
0.166585
0.117172
0.266286
0.128573
0.086563
0.110167
0.094099
0.384118
0.03845
0.31977
0.171803
0.17234
0.145956
0.45954
0.058945
0.129341
0.113924
0.170439
0.045469
0.332092
0.130471
0.338496
0.053502
0.082794
0.076227
0.286937
0.140534
0.031074
0.191928
0.217475
0.048281
0.250197
0.132126
0.15145
0.293695
0.214124
0.220131
0.10609
0.057003
0.103678
0.118628
0.348472
0.197396
0.041086
0.335461
0.220736
0.197406
0.265969
0.201737
0.523898
0.204176
0.317139
0.155806
0.118917
0.219432
0.14269
0.122787
0.340965
0.27291
0.073004
0.154207
0.164081
0.016912
0.260819
0.05002
0.080058
0.120616
0.178613
0.235731
0.285282
0.295914
0.119208
0.106899
0.031371
0.37914
0.057201
0.119609
0.114529
0.268686
0.226382
0.075767
0.063226
0.044202
0.3372
0.03642
0.077469
0.20594
0.054405
0.69794
0.261816
0.515988
0.079963
0.163691
0.233779
0.172108
0.073727
0.113165
0.433338
0.098307
0.140107
0.418513
0.333374
0.093346
0.21059
0.088645
0.161887
0.096621
0.219144
0.168644
0.159905
0.108941
0.162066
0.03934
0.019769
0.032698
0.2801
0.066295
0.339724
0.066762
0.177767
0.07506
0.130475
0.235544
0.162346
0.060648
0.267024
0.029065
0.183771
0.321679
0.103286
0.12268
0.178367
0.167065
0.371499
0.230118
0.129287
0.062599
0.241946
0.45617
0.240206
0.248014
0.338332
0.182519
0.403235
0.014029
0.213275
0.309589
0.47344
0.234249
0.139069
0.436094
0.023024
0.042566
0.42957
0.559088
0.175411
0.112632
0.320404
0.215139
0.218488
0.201213
0.227019
0.098797
0.102468
0.566452
0.052676
0.12141
0.619451
0.237767
0.294929
0.233027
0.282694
0.705901
0.140666
0.250501
0.435882
0.050778
0.688659
0.222862
0.062724
0.169124
0.251012
0.308488
0.23562
0.210975
0.193813
