0.146946
0.134529
0.063565
0.061669
0.053957
0.121932
0.309709
0.174705
0.081824
0.116484
0.027733
0.023238
0.045586
0.097616
0.754687
0.201021
0.300202
0.135002
0.267474
0.22293
0.090561
0.093678
0.289504
0.156838
0.107131
0.068508
0.066026
0.149777
0.08785
0.099036
0.092684
0.057332
0.272696
0.053108
0.107936
0.14894
0.096675
0.228304
0.074485
0.076692
0.065424
0.070396
0.136809
0.112132
0.228681
0.166988
0.523527
0.015939
0.052528
0.091289
0.155458
0.289699
0.060966
0.150898
0.031664
0.112208
0.165057
0.098703
0.04674
0.219434
0.019366
0.042427
0.156261
0.02528
0.20075
0.144561
0.565589
0.227501
0.04079
0.128443
0.102251
0.075092
0.234401
0.06876
0.096547
0.103583
0.102672
0.193534
0.284231
0.030835
0.14546
0.124817
0.269072
0.071488
0.108968
0.050071
0.092268
0.103672
0.201967
0.184876
0.130607
0.148657
0.499224
0.279843
0.100965
0.132478
0.025257
0.30199
0.259112
0.34343
0.426197
0.191807
0.148682
0.05602
0.073592
0.128589
0.040194
0.265104
0.157094
0.115197
0.137193
0.168514
0.233319
0.077881
0.070216
0.232542
0.184912
0.262913
0.159809
0.10606
0.047035
0.131683
0.13188
0.082774
0.123305
0.884069
0.196097
0.110878
0.082134
0.499046
0.051868
0.029966
0.030784
0.146283
0.23754
0.064348
0.497466
0.162852
0.129544
0.214039
0.265168
0.050919
0.061089
0.05188
0.102162
0.163252
0.088661
0.211635
0.397265
0.067549
0.129313
0.141667
0.104414
0.089459
0.030448
0.116035
0.097262
0.053654
0.076282
0.143827
0.393833
0.045649
0.122747
0.156369
0.304104
0.268034
0.07625
0.148834
0.130531
0.034745
0.137643
0.171927
0.174707
0.092995
0.158377
0.103706
0.387478
0.166034
0.174538
0.021836
0.155079
0.062602
0.101384
0.067487
0.247632
0.190969
0.166571
0.26702
0.190623
0.047064
0.211291
0.192599
0.283226
0.12184
0.075406
0.26543
0.044483
0.189677
0.051616
0.188675
0.093009
0.129727
0.095467
0.122948
0.069925
0.308774
0.357182
0.095259
0.11232
0.107485
0.163844
0.104749
0.069648
0.149419
0.057311
0.07187
0.0624
0.272145
0.072086
0.101403
0.031669
0.042727
0.256297
0.127818
0.086712
0.204563
0.109728
0.065826
0.184239
0.055064
0.131235
0.408288
0.527161
0.120996
0.139253
0.149255
0.087902
0.039482
0.183367
0.183281
0.092356
0.060071
0.291416
0.330073
0.138317
0.07594
0.145353
0.316933
0.053995
0.182732
0.086088
0.138393
0.053764
0.135147
0.067207
0.046276
0.01224
0.294016
0.102479
0.204544
0.08392
0.116685
0.098372
0.080525
0.103583
0.121358
0.060149
0.04675
0.546674
0.166782
0.011096
0.083601
0.10118
0.182375
0.479235
0.179204
0.05106
0.239541
0.211039
0.145142
0.661378
0.063457
0.062809
0.086671
0.23111
0.049417
0.052148
0.047131
0.107187
0.113985
0.113042
0.095847
0.139166
0.080317
0.152368
0.158201
0.052226
0.067736
0.094945
0.153828
0.204921
0.316207
0.161239
0.263915
0.28051
0.157598
0.396648
0.231789
0.126664
0.207789
0.051495
0.04755
0.129298
0.415448
0.291226
0.75579
0.120463
0.133656
0.103553
0.037662
0.135286
0.085189
0.217218
0.082858
0.104874
0.183491
0.226481
0.126935
0.214503
0.234287
0.064195
0.044943
0.183899
0.074642
0.039641
0.102505
0.236411
0.133906
0.207622
0.19243
0.092032
0.106767
0.185151
0.15681
0.055771
0.06365
0.168995
0.178714
0.203407
0.048465
0.116704
0.125989
0.116444
0.297979
0.414699
0.023695
0.100459
0.033064
0.08047
0.170452
0.321827
0.085684
0.247448
0.074105
0.054092
0.293298
0.211969
0.134786
0.052552
0.101701
0.199708
0.030299
0.20691
0.158089
0.270437
0.190258
0.040946
0.14077
0.193712
0.223026
0.067306
0.066637
0.064845
0.091469
0.078086
0.41848
0.141992
0.056604
0.176364
0.14101
0.043218
0.105632
0.026853
0.276857
0.098518
0.215417
0.187679
0.110029
0.189017
0.141109
0.109721
0.059634
0.068389
0.194053
0.069901
0.037915
0.173741
0.402341
0.187542
0.326337
0.531767
0.066149
0.139189
0.070389
0.242448
0.210602
0.126146
0.037606
0.18565
0.233941
0.059773
0.013718
0.198058
0.309962
0.322393
0.164249
0.087672
0.097455
0.167485
0.257219
0.208375
0.142637
0.275071
0.267121
0.193793
0.071879
0.139297
0.080484
0.11664
0.250117
0.262634
0.089343
0.162852
0.080792
0.117387
0.086761
0.037622
0.232993
0.15945
0.122682
0.171096
0.060355
0.226572
0.316923
0.079192
0.055162
0.080057
0.169321
0.434989
0.175294
0.102642
0.263736
0.331765
0.287361
0.133836
0.3974
0.114068
0.081781
0.428728
0.128894
0.090311
0.59777
0.106989
0.3625
0.137518
0.32744
0.034331
0.102329
0.355002
0.154472
0.174224
0.217649
0.058822
0.119386
0.05136
0.317593
0.183026
0.064345
0.067406
0.237694
0.175911
0.267843
0.128618
0.084732
0.07652
0.100152
0.109774
0.05964
0.13267
0.033212
0.042217
0.225326
0.143382
0.206577
0.069666
0.585548
0.073335
0.061753
0.181703
0.026941
0.153006
0.12028
0.497519
0.148514
0.158488
0.258359
0.292482
0.168703
0.092486
0.09387
0.178637
0.22566
0.085589
0.274755
0.154525
0.093845
0.106702
0.052056
0.511453
0.147869
0.133818
0.24202
0.216776
0.124462
0.252036
0.255121
0.024139
0.143131
0.182944
0.214177
0.166924
0.045411
0.160883
0.238584
0.195176
0.038934
0.063347
0.127891
0.132697
0.457509
0.072875
0.2213
0.082744
0.11317
0.204286
0.121062
0.173643
0.089846
0.128699
0.091852
0.09037
0.062674
0.040793
0.205313
0.200869
0.035583
0.094008
0.112939
0.252624
0.045274
0.037423
0.122304
0.099679
0.137843
0.286461
0.075627
0.068035
0.262064
0.101222
0.131151
0.111392
0.010642
0.046725
0.091566
0.340831
0.116222
0.160059
0.050823
0.099142
0.134711
0.086891
0.153975
0.076254
0.07381
0.063193
0.222218
0.288055
0.102158
0.108036
0.103786
0.14965
0.064631
0.203049
0.322847
0.329087
0.163424
0.112848
0.20571
0.090253
0.116903
0.129905
0.289885
0.166889
0.162093
0.139795
0.067041
0.041474
0.065023
0.247381
0.26491
0.249685
0.126289
0.105812
0.117616
0.116246
0.201425
0.196066
0.036327
0.014137
0.224258
0.129137
0.046676
0.236004
0.225592
0.310535
0.074232
0.153865
0.11521
0.116034
0.084827
0.067976
0.144676
0.293414
0.074117
0.129017
0.323337
0.233052
0.273134
0.085674
0.050432
0.259386
0.16185
0.069858
0.204184
0.1038
0.167291
0.155679
0.215885
0.03504
0.129891
0.172268
0.378851
0.056577
0.269106
0.052247
0.116362
0.36222
0.31731
0.185121
0.143117
0.057261
0.273813
0.131316
0.146651
0.074145
0.25166
0.125426
0.084512
0.165798
0.361726
0.251813
0.125475
0.097457
0.07406
0.180585
0.117978
0.109642
0.127263
0.115233
0.103171
0.124082
0.052657
0.127328
0.05504
0.061431
0.061179
0.290176
0.277992
0.076111
0.285541
0.110112
0.247238
0.140739
0.103462
0.362911
0.123051
0.306408
0.171816
0.100288
0.132283
0.059946
0.171229
0.036299
0.145908
0.065606
0.351468
0.308216
0.157378
0.071075
0.134133
0.238503
0.041268
0.042685
0.040202
0.326649
0.05718
0.211841
0.183267
0.218425
0.100076
0.034804
0.183634
0.157092
0.138942
0.097865
0.235158
0.0177
0.061998
0.286596
0.103579
0.249146
0.080528
0.109567
0.35592
0.161903
0.154212
0.437649
0.103595
0.032894
0.223462
0.091795
0.053352
0.061304
0.052691
0.266019
0.124157
0.126178
0.14671
0.057735
0.12988
0.182235
0.528313
0.147366
0.073521
0.129652
0.230172
0.058612
0.029641
0.044246
0.028918
0.134555
0.236524
0.146356
0.066612
0.133386
0.3688
0.408069
0.076913
0.066843
0.124427
0.091387
0.067247
0.364876
0.035092
0.07572
0.079582
0.237615
0.127414
0.129555
0.135015
0.037769
0.109076
0.170073
0.368066
0.087951
0.05343
0.069881
0.078259
0.321894
0.157692
0.129902
0.119681
0.075907
0.088324
0.264812
0.307382
0.078313
0.190799
0.076429
0.194108
0.080292
0.096117
0.125361
0.343035
0.084927
0.271267
0.075457
0.1937
0.123994
0.10552
0.191064
0.134901
0.161192
0.092717
0.253502
0.049707
0.249188
0.088977
0.060232
0.160186
0.21379
0.097806
0.122404
0.147392
0.15184
0.24913
0.042932
0.162324
0.041188
0.198587
0.180432
0.131225
0.047842
0.107435
0.079885
0.077108
0.075811
0.175763
0.10376
0.220975
0.080169
0.283369
0.185984
0.114142
0.084144
0.28253
0.112379
0.069108
0.151332
0.214128
0.312766
0.125961
0.094041
0.085836
0.067528
0.09214
0.098397
0.209875
0.203706
0.066477
0.374709
0.138829
0.087243
0.19433
0.11037
0.236544
0.243322
0.116088
0.157136
0.218382
0.205589
0.055649
0.156377
0.146448
0.134207
0.29833
0.080179
0.242347
0.076163
0.170905
0.069624
0.23936
0.163761
0.090762
0.175992
0.167071
0.045333
0.047391
0.055788
0.106083
0.161574
0.158289
0.054066
0.098091
0.074831
0.070597
0.049366
0.090157
0.206042
0.083397
0.137571
0.141804
0.044181
0.067899
0.166912
0.090544
0.049006
0.271155
0.119571
0.050492
0.16399
0.461762
0.448475
0.154051
0.285166
0.32123
0.273122
0.153753
0.226177
0.307249
1.219951
0.101559
0.376054
0.112685
0.091301
0.203434
0.111496
0.156821
0.313315
0.277455
0.263982
0.102839
0.348701
0.123992
0.079831
0.042574
0.074918
0.174572
0.123944
0.227206
0.01728
0.407776
0.685578
0.145192
0.205301
0.186634
0.082356
0.162801
0.114344
0.121179
0.588125
0.068268
0.17276
0.083059
0.061025
0.094115
0.256419
0.238593
0.234612
0.092181
0.030208
0.259383
0.181554
0.332904
0.151432
0.144045
0.015723
0.314629
0.037845
0.064063
0.079077
0.086138
0.132614
0.385857
0.08849
0.192119
0.206675
0.1125
0.256167
0.095687
0.034803
0.123838
0.144591
0.09883
0.054793
0.13078
0.030915
0.416419
0.287642
0.063596
0.027028
0.151964
0.068745
0.438005
0.025089
0.266951
0.688002
0.103739
0.102421
0.144325
0.266002
0.239191
0.156105
0.255992
0.152253
0.144977
0.159809
0.100551
0.361329
0.246864
0.123478
0.172518
0.072873
0.041939
0.03824
0.272717
0.049651
0.052144
0.334415
0.092063
0.066555
0.219109
0.10425
0.4904
0.135651
0.031831
0.068463
0.124506
0.091289
0.122099
0.169066
0.152994
0.150301
0.095671
0.084369
0.236034
0.081343
0.193172
0.223291
0.171061
0.092374
0.089533
0.089191
0.250264
0.419668
0.178381
0.254289
0.167445
0.083431
0.101638
0.576922
0.148323
0.180357
0.087586
0.173821
0.049036
0.233896
0.078459
0.140519
0.396977
0.16547
0.254563
0.121783
0.112271
0.197422
0.224067
0.053616
0.440921
0.257935
0.155746
0.123687
0.438262
0.052021
0.07414
0.063097
0.099646
0.047817
0.019509
0.342968
0.156958
0.065092
0.162091
0.1509
0.075128
0.188122
0.069268
0.029645
0.035405
0.182315
0.258294
0.08666
0.095355
0.235141
0.252378
0.061855
0.223587
0.047196
0.089866
0.177782
0.170687
0.108395
0.203099
0.123593
0.103608
0.287607
0.075782
0.172103
0.017546
0.103517
0.107614
0.106726
0.04779
0.292648
0.096808
0.043102
0.167924
0.213069
0.068975
0.086239
0.13471
0.190693
0.080265
0.026182
0.177669
0.10398
0.483263
0.239163
0.660168
0.26935
0.164129
0.15428
0.228298
0.049668
0.048633
0.281723
0.045875
0.333628
0.47848
0.276537
0.052609
0.029356
0.306445
0.04631
0.035321
0.008376
0.048633
0.186225
0.042537
0.044011
0.115313
0.049071
0.120198
0.219812
0.086034
0.219785
0.090199
0.330418
0.165579
0.139589
0.077704
0.145785
0.072937
0.121428
0.208941
0.06522
0.13379
0.040242
0.11133
0.039517
0.093765
0.040549
0.057353
0.109085
0.224182
0.09656
0.192607
0.334503
0.156886
0.076611
0.081404
0.234893
0.087322
0.185935
0.207816
0.1854
0.164672
0.027545
0.140698
0.319787
0.408487
0.031405
0.128125
0.162879
0.089714
0.308407
0.096666
0.100282
0.127898
0.096478
0.419892
0.378686
0.074389
0.156675
0.089731
0.081382
0.027406
0.107874
0.071326
0.409618
0.131453
0.192612
0.412857
0.239432
0.201513
0.193752
0.055396
0.122097
0.115989
0.170455
0.157431
0.047759
0.090823
0.189718
0.080021
0.296017
0.063692
0.095819
0.088271
0.157489
0.087434
0.164685
0.190761
0.064005
0.279976
0.070319
0.164807
0.529854
0.055887
0.069643
0.036426
0.170465
0.328774
0.117802
0.18677
0.256317
0.064405
0.08916
0.053168
0.280359
0.492772
0.061273
0.035391
0.113047
0.18485
0.116398
0.128441
0.042722
0.296799
0.230881
0.079617
0.078013
0.210156
0.076779
0.207877
0.123093
0.048848
0.095726
0.141915
0.120377
0.271276
0.014757
0.135452
0.24254
0.065495
0.325621
0.238274
0.325014
0.12188
0.070858
0.133168
0.07388
0.352965
0.43983
0.217173
0.193266
0.276214
0.105008
0.252967
0.235846
0.061435
0.10047
0.1581
0.081836
0.085564
0.121235
0.180512
0.051207
0.185335
0.104984
0.208348
0.194668
0.143768
0.176367
0.222208
0.293227
0.148608
0.596254
0.512668
0.159571
0.101332
0.159232
0.102621
0.123222
0.268368
0.042991
0.191027
0.257041
0.116639
0.196497
0.03238
0.135214
0.071144
0.244252
0.058044
0.23312
0.098784
0.049609
0.119301
0.033263
0.218949
0.158207
0.134624
0.253731
0.057645
0.078666
0.226119
0.213316
0.643535
0.154781
0.090926
0.09047
0.412101
0.244911
0.124903
0.168546
0.095799
0.23518
0.102693
0.048882
0.048399
0.082154
0.170127
0.067046
0.21501
0.072968
0.129593
0.229194
0.076755
0.159832
0.135745
0.053082
0.109653
0.050066
0.114514
0.131613
0.04533
0.022017
0.069271
0.361811
0.106405
0.163134
0.146747
0.033454
0.31581
0.088475
0.086734
0.161953
0.253752
0.163727
0.084071
0.114619
0.217913
0.114099
0.133283
0.03427
0.160603
0.242613
0.131391
0.10243
0.228272
0.065796
0.13236
0.221243
0.167251
0.114164
0.08753
0.032649
0.151002
0.144512
0.118246
0.449885
0.1585
0.336418
0.08964
0.112277
0.238384
0.135361
0.158698
0.097629
0.045348
0.069186
0.329339
0.192059
0.034551
0.050932
0.119908
0.03427
0.143264
0.25199
0.036079
0.092657
0.049518
0.119271
0.366581
0.115997
0.236991
0.153398
0.525282
0.068243
0.067556
0.346618
0.021555
0.155983
0.703394
0.159136
0.063294
0.322136
0.182739
0.094319
0.084734
0.099838
0.738429
0.182882
0.061643
0.205859
0.184867
0.109861
0.242717
0.160372
0.219183
0.296257
0.107495
0.264696
0.06544
0.059298
0.113696
0.053189
0.176368
0.058693
0.118601
0.113586
0.149018
0.057368
0.402079
0.156513
0.137398
0.280824
0.031149
0.097879
0.377825
0.079142
0.116442
0.181529
0.181622
0.198834
0.218738
0.295089
0.481148
0.137491
0.146167
0.091018
0.192641
0.024703
0.217187
0.12342
0.08511
0.085467
0.067387
0.070746
0.121262
0.20608
0.154424
0.23968
0.159749
0.030975
0.295611
0.168755
0.074214
0.235657
0.18457
0.046314
0.629999
0.088596
0.33244
0.077758
0.215551
0.071255
0.264956
0.039883
0.204605
0.272244
0.095288
0.280179
0.146197
0.210649
0.052568
0.145414
0.172461
0.123821
0.101796
0.199168
0.108937
0.047872
0.438964
0.280911
0.183721
0.104407
0.088046
0.114484
0.159621
0.118794
0.080413
0.225419
0.343044
0.347958
0.123026
0.280947
0.144324
0.183293
0.128662
0.114999
0.049775
0.046056
0.039545
0.195816
0.044157
0.105868
0.132273
0.069537
0.077085
0.137102
0.084962
0.084427
0.189053
0.290501
0.026142
0.019312
0.081245
0.08478
0.21114
0.221709
0.033894
0.11403
0.318338
0.033534
0.096386
0.234858
0.290825
0.032077
0.266146
0.229058
0.306564
0.119995
0.123617
0.094563
0.154806
0.036733
0.144446
0.171801
0.279386
0.077995
0.128991
0.06255
0.694912
0.082011
0.31325
0.056883
0.31489
0.327702
0.061837
0.13261
0.274634
0.128477
0.073177
0.145569
0.09241
0.132686
0.091095
0.097187
0.247542
0.18361
0.200663
0.078347
0.042678
0.138885
0.060387
0.083548
0.233187
0.090718
0.15321
0.053701
0.082599
0.181471
0.184874
0.078757
0.133419
0.100075
0.087928
0.083924
0.197272
0.228798
0.106499
0.058517
0.119314
0.361218
0.083631
0.116007
0.069326
0.092619
0.039615
0.162745
0.127528
0.172558
0.182824
0.260268
0.329294
0.08088
0.154915
0.193105
0.129577
0.05972
0.255454
0.072733
0.052883
0.322541
0.077869
0.110434
0.094674
0.291367
0.065707
0.167179
0.050049
0.312509
0.106735
0.231838
0.163347
0.330106
0.080179
0.122058
0.230189
0.097236
0.237519
0.09653
0.123647
0.136972
0.125752
0.262587
0.123937
0.115995
0.075856
0.217173
0.095479
0.202626
0.138075
0.070547
0.117082
0.135077
0.191104
0.033239
0.170297
0.198258
0.059879
0.249153
0.018818
0.034974
0.080451
0.037619
0.123661
0.113948
0.23113
0.099584
0.157236
0.058263
0.091464
0.21586
0.042699
0.073281
0.180326
0.102461
0.099929
0.129145
0.478271
0.057444
0.169787
0.224464
0.043362
0.187565
0.282023
0.201875
0.169102
0.059741
0.021326
0.044435
0.183716
0.035944
0.254081
0.026463
0.060201
0.153854
0.122273
0.270112
0.064483
0.203133
0.293046
0.146663
0.14438
0.269539
0.247167
0.066869
0.21397
0.168691
0.074933
0.207785
0.276613
0.198842
0.190324
0.196608
0.290026
0.111548
0.039496
0.082581
0.190927
0.236538
0.223502
0.05327
0.205521
0.150332
0.302516
0.921836
0.086764
0.272358
0.106043
0.100587
0.06505
0.389752
0.194106
0.191828
0.255514
0.680689
0.077683
0.297034
0.166957
0.064597
0.080082
0.062192
0.240966
0.29852
0.153975
0.161911
0.085143
0.11129
0.091818
0.112145
0.239767
0.330046
0.110465
0.22489
0.043627
0.04913
0.149441
0.131449
0.066318
0.25875
0.441278
0.347879
0.184438
0.169853
0.167219
0.232179
0.284689
0.106314
0.079228
0.149151
0.144555
0.134819
0.023745
0.144218
0.286951
0.312144
0.050569
0.673825
0.07336
0.215445
0.129833
0.090863
0.265818
0.07912
0.595775
0.259821
0.102977
0.101623
0.048517
0.040377
0.226329
0.033366
0.094387
0.118752
0.432753
0.226494
0.170625
0.265868
0.066444
0.183237
0.19082
0.070059
0.025178
0.178278
0.278614
0.322358
0.114945
0.216346
0.127708
0.094316
0.053641
0.257582
0.125097
0.07931
0.138747
0.091287
0.094123
0.080273
0.237009
0.116983
0.041513
0.072561
0.261925
0.05322
0.107333
0.079152
0.130338
0.269519
0.126016
0.165435
0.074939
0.108323
0.077458
0.064208
0.075655
0.225506
0.187696
0.098133
0.08168
0.034751
0.21239
0.082536
0.113278
0.111093
0.338468
0.1082
0.081101
0.251101
0.284293
0.154829
0.216124
0.077854
0.131756
0.071793
0.06054
0.043748
0.05293
0.122444
0.132463
0.199331
0.112433
0.198196
0.179568
0.064139
0.199908
0.066462
0.063724
0.509236
0.054457
0.144084
0.099085
0.161382
0.022082
0.133225
0.101625
0.131286
0.146687
0.31753
0.171372
0.084751
0.104896
0.038323
0.207196
0.062179
0.106554
0.13568
0.086758
0.176716
0.08017
0.202575
0.20967
0.166176
0.08594
0.1443
0.140418
0.077546
0.118007
0.096148
0.079336
0.094438
0.067301
0.180721
0.57671
0.169772
0.18002
0.127251
0.193115
0.130769
0.051351
0.289415
0.092015
0.196238
0.062735
0.711612
0.12106
0.074784
0.013455
0.089995
0.189209
0.076367
0.080773
0.077016
0.173832
0.159046
0.264636
0.080506
0.18123
0.07268
0.13422
0.084606
0.413778
0.061118
0.089089
0.29017
0.24476
0.084972
0.143317
0.51401
0.102072
0.075263
0.221046
0.134306
0.408362
0.096188
0.135333
0.323393
0.054201
0.195004
0.231274
0.390327
0.032182
0.078689
0.276791
0.015828
0.05726
0.080937
0.082177
0.243856
0.154881
0.159304
0.385017
0.130045
0.326106
0.385586
0.139368
0.071344
0.080861
0.060377
0.024159
0.0288
0.279123
0.095019
0.497999
0.060845
0.039671
0.162719
0.113854
0.19987
0.118416
0.075913
0.090416
0.434387
0.030378
0.262966
0.122702
0.134046
0.072046
0.126995
0.205741
0.155672
0.248819
0.209998
0.078638
0.169501
0.179177
0.158631
0.100494
0.135666
0.061376
0.035585
0.145536
0.078751
0.092385
0.103755
0.224834
0.271886
0.124528
0.290448
0.449369
0.046873
0.100041
0.085528
0.048596
0.13376
0.361777
0.11342
0.111903
0.057182
0.207476
0.191443
0.047366
0.034114
0.163257
0.33313
0.139296
0.226558
0.157239
0.157191
0.144386
0.414105
0.034108
0.076953
0.192581
0.122909
0.442078
0.048307
0.167706
0.228268
0.275146
0.643894
0.281187
0.2388
0.041085
0.101011
0.170522
0.07479
0.240283
0.178202
0.137303
0.15905
0.041051
0.109914
0.111442
0.129978
0.038902
0.089601
0.068919
0.240019
0.103826
0.172536
0.163068
0.045641
0.070042
0.03675
0.203268
0.193524
0.055614
0.35594
0.167917
0.066235
0.138097
0.171257
0.135289
0.274949
0.093893
0.284868
0.294772
0.525402
0.308141
0.116157
0.116392
0.371643
0.185756
0.186954
0.196536
0.279864
0.078674
0.198853
0.088652
0.115115
0.051466
0.100759
0.320316
0.02888
0.123445
0.339974
0.073918
0.148912
0.129808
0.05543
0.414398
0.082052
0.104687
0.148071
0.294739
0.156844
0.1188
0.203208
0.132156
0.250086
0.03784
0.169043
0.067991
0.175425
0.121977
0.163964
0.084048
0.137166
0.119151
0.094168
0.085219
0.172213
0.313014
0.120856
0.098375
0.203085
0.203849
0.085586
0.311409
0.10114
0.391292
0.087108
0.052542
0.409706
0.0884
0.46181
0.099556
0.096249
0.255463
0.152048
0.223682
0.171417
0.137285
0.174903
0.114082
0.070268
0.246553
0.124964
0.255753
0.033102
0.122311
0.058556
0.113194
0.071862
0.068946
0.256057
0.19926
0.028267
0.111968
0.04165
0.084954
0.429844
0.353426
0.120445
0.215968
0.105511
0.057166
0.076796
0.074101
0.088601
0.102637
0.229637
0.097047
0.102282
0.126323
0.123797
0.055013
0.245199
0.091554
0.091158
0.137341
0.129233
0.397616
0.065933
0.13212
0.186181
0.187721
0.165891
0.338344
0.265253
0.261906
0.123315
0.12527
0.113588
0.096205
0.364979
0.435579
0.062649
0.058131
0.40492
0.141306
0.2005
0.04861
0.093571
0.062959
0.123558
0.139603
0.092459
0.068712
0.137897
0.105093
0.103675
0.24584
0.276068
0.304618
0.095334
0.085884
0.358566
0.139086
0.107071
0.144168
0.157053
0.108199
0.038069
0.233328
0.095518
0.187942
0.25037
0.180598
0.045808
0.22613
0.06595
0.077223
0.103593
0.361765
0.035334
0.306867
0.126805
0.169723
0.151557
0.088707
0.036485
0.043711
0.119875
0.247027
0.152716
0.035523
0.016702
0.113127
0.231414
0.078807
0.208379
0.169118
0.17265
0.247991
0.432041
0.09229
0.123637
0.186304
0.160542
0.131839
0.111857
0.206536
0.050286
0.179316
0.265867
0.145735
0.14089
0.203191
0.131551
0.143521
0.233408
0.216238
0.400983
0.170492
0.105537
0.023628
0.093669
0.304834
0.095605
0.043411
0.057271
0.303196
0.020372
0.197085
0.067035
0.212092
0.292351
0.100699
0.036367
0.215295
0.065851
0.299942
0.097137
0.522952
0.159412
0.068347
0.134882
0.061884
0.3979
0.207376
0.05612
0.121071
0.132034
0.155464
0.085217
0.051611
0.114383
0.139803
0.04167
0.106338
0.263799
0.238262
0.054132
0.183741
0.147097
0.200984
0.083594
0.295271
0.127296
0.348725
0.121333
0.196267
0.1001
0.151826
0.064698
0.068193
0.154527
0.110801
0.236842
0.07357
0.141171
0.122324
0.014706
0.123894
0.149505
0.019387
0.028957
0.061349
0.125867
0.131137
0.259704
0.140717
0.051181
0.183915
0.149677
0.094829
0.224772
0.131564
0.061214
0.037852
0.057974
0.168391
0.04194
0.046869
0.036691
0.321398
0.119504
0.048024
0.092065
0.076784
0.790274
0.038378
0.04628
0.236679
0.124655
0.039943
0.272407
0.132353
0.216816
0.498835
0.092875
0.083759
0.195054
0.11467
0.187197
0.100803
0.062297
0.167809
0.113416
0.104143
0.133701
0.128131
0.128867
0.368608
0.01855
0.040887
0.170882
0.077248
0.027511
0.211038
0.055649
0.254356
0.013017
0.189878
0.256522
0.15763
0.182661
0.103604
0.204106
0.210976
0.277526
0.122682
0.326645
0.281364
0.125249
0.287655
0.17048
0.104466
0.043226
0.125776
0.126444
0.145555
0.157558
0.140009
0.16693
0.055918
0.129547
0.180767
0.154898
0.082093
0.0926
0.309069
0.073517
0.087313
0.213167
0.116218
0.076583
0.080764
0.182601
0.16031
0.061597
0.128627
0.312866
0.272238
0.084437
0.231401
0.221149
0.156557
0.139011
0.14572
0.058511
0.135189
0.299779
0.11691
0.077909
0.119389
0.138028
0.12471
0.070643
0.128119
0.605797
0.574531
0.14831
0.210091
0.297928
0.114323
0.080563
0.276453
0.335718
0.064806
0.124768
0.110629
0.067928
0.230671
0.275291
0.144314
0.254863
0.092626
0.268325
0.549482
0.095222
0.190153
0.109147
0.031392
0.191881
0.254723
0.055984
0.093485
0.1873
0.063654
0.068655
0.030596
0.366669
0.278587
0.090641
0.204466
0.137274
0.148573
0.107525
0.488913
0.184679
0.053702
0.08699
0.339626
0.075044
0.222942
0.175137
0.049576
0.115357
0.1239
0.181876
0.169457
0.077786
0.04829
0.058213
0.121086
0.282224
0.055589
0.179365
0.106911
0.093896
0.087131
0.226669
0.025666
0.054246
0.113848
0.063142
0.11732
0.128675
0.188894
0.065915
0.115711
0.123416
0.070923
0.064098
0.206446
0.035319
0.123986
0.156796
0.104238
0.59639
0.143643
0.147287
0.550154
0.218239
0.222645
0.083941
0.097816
0.041332
0.306445
0.173428
0.130297
0.118702
0.077296
0.231113
0.329944
0.087399
0.432722
0.203037
0.443146
0.307131
0.163943
0.459101
0.179176
0.083187
0.0744
0.290073
0.157271
0.045272
0.358154
0.169526
0.077713
0.091278
0.341792
0.166743
0.054358
0.096305
0.286899
0.067516
0.182303
0.208759
0.123301
0.410955
0.243139
0.123411
0.087667
0.211424
0.420495
0.082568
0.085411
0.104322
0.566517
0.129649
0.070527
0.128725
0.162728
0.080025
0.073547
0.141587
0.048023
0.075118
0.116725
0.089574
0.108151
0.157382
0.047146
0.186076
0.101575
0.151957
0.157631
0.154142
0.205226
0.251735
0.221708
0.056529
0.110711
0.399782
0.062079
0.186284
0.15547
0.081684
0.333275
0.146363
0.242184
0.147841
0.097756
0.121701
0.032983
0.087185
0.091367
0.432697
0.064883
0.123934
0.404204
0.12746
0.280832
0.078761
0.080322
0.057381
0.144298
0.230124
0.263718
0.175698
0.1877
0.265886
0.120055
0.056297
0.118175
0.034117
0.040511
0.212677
0.114217
0.07408
0.106812
0.281264
0.093334
0.205384
0.653881
0.108016
0.096926
0.117325
0.096167
0.274952
0.301764
0.057861
0.109927
0.029105
0.386553
0.097831
0.143658
0.187644
0.298294
0.093099
0.10062
0.191253
0.046742
0.453113
0.250762
0.132609
0.08732
0.248172
0.068634
0.2587
0.180361
0.445826
0.186411
0.322631
0.091835
0.15336
0.094215
0.185031
0.233639
0.07028
0.111883
0.167074
0.128841
0.13386
0.17187
0.267986
0.13775
0.028399
0.039343
0.06578
0.168708
0.100956
0.167766
0.175802
0.099756
0.392234
0.079738
0.238951
0.110368
0.031553
0.045961
0.217666
0.189656
0.221535
0.028381
0.067997
0.516167
0.14514
0.110078
0.239445
0.05537
0.063913
0.263384
0.21373
0.07141
0.160743
0.070575
0.060252
0.110869
0.035334
0.21942
0.041656
0.131261
0.295719
0.083516
0.115768
0.14351
0.067679
0.119801
0.074714
0.044341
0.068743
0.209309
0.180167
0.06064
0.172075
0.037894
0.075735
0.165988
0.15982
0.353455
0.072241
0.120735
0.034805
0.108397
0.507512
0.132591
0.140915
0.173581
0.293983
0.023833
0.059751
0.144678
0.17363
0.161204
0.068943
0.080204
0.099169
0.142624
0.044451
0.045971
0.149189
0.094222
0.024366
0.203943
0.087171
0.166638
0.092549
0.089861
0.1141
0.153452
0.09334
0.053944
0.072011
0.037656
0.164797
0.125734
0.160215
0.19744
0.602528
0.264906
0.124531
0.338973
0.208994
0.290613
0.071836
0.150214
0.057542
0.35533
0.078483
0.036088
0.207397
0.145728
0.154356
0.075359
0.174527
0.245962
0.170987
0.163868
0.053723
0.226245
0.259141
0.124938
0.187868
0.100768
0.369845
0.08835
0.210704
0.146201
0.063785
0.17236
0.161641
0.121789
0.073692
0.102066
0.129195
0.048683
0.0462
0.209025
0.075918
0.137187
0.124288
0.300819
0.159113
0.266959
0.618537
0.243588
0.380339
0.071217
0.06592
0.068831
0.074801
0.270553
0.176343
0.070296
0.092697
0.205915
0.117065
0.272591
0.39542
0.071113
0.115808
0.242065
0.118439
0.16863
0.067215
0.21727
0.073983
0.149409
0.218305
0.189973
0.070507
0.043824
0.23082
0.16204
0.058732
0.087493
0.182038
0.072914
0.134524
0.116912
0.135494
0.160616
0.109405
0.425323
0.31227
0.164666
0.171661
0.111038
0.174864
0.079066
0.11238
0.230633
0.04808
0.478837
0.065645
0.092294
0.327365
0.221073
0.077071
0.106462
0.444862
0.20236
0.080051
0.128948
0.132927
0.059256
0.048193
0.049031
0.189533
0.042559
0.285223
0.157677
0.11181
0.083097
0.186224
0.268803
0.023616
0.21055
0.101271
0.256781
0.363875
0.35291
0.320086
0.315635
0.194182
0.213823
0.085995
0.253408
0.104825
0.194334
0.032048
0.217374
0.177776
0.048062
0.104233
0.19007
0.151334
0.076394
0.11409
0.111259
0.150112
0.088384
0.076583
0.135848
0.15243
0.201798
0.116625
0.281241
0.202576
0.035228
0.161482
0.113059
0.144741
0.083875
0.47913
0.204438
0.180688
0.186592
0.239821
0.261366
0.210559
0.127675
0.178976
0.062178
0.198989
0.135959
0.166659
0.03417
0.129325
0.113227
0.146368
0.3974
0.291899
0.05626
0.094579
0.261013
0.065395
0.151005
0.041063
0.137213
0.180002
0.027265
0.14731
0.185964
0.078075
0.107053
0.033937
0.407809
0.105904
0.139905
0.026686
0.401014
0.122291
0.39184
0.032097
0.094167
0.098054
0.099528
0.082827
0.065561
0.049051
0.042648
0.262827
0.059611
0.214525
0.102406
0.137956
0.056073
0.127378
0.017438
0.200323
0.136176
0.351955
0.181348
0.272255
0.067827
0.211601
0.038985
0.267343
0.299617
0.105965
0.166761
0.09678
0.118909
0.270857
0.088102
0.150255
0.188706
0.153624
0.108608
0.089845
0.347215
0.120893
0.136441
0.126451
0.440333
0.195133
0.25481
0.057422
0.150691
0.106284
0.038159
0.154476
0.192606
0.138283
0.062344
0.080098
0.083402
0.248174
0.044272
0.122007
0.285497
0.200116
0.699399
0.242735
0.195955
0.138628
0.074825
0.098644
0.107768
0.095751
0.234738
0.236849
0.16067
0.377366
0.433244
0.428793
0.068912
0.304687
0.067337
0.063178
0.082036
0.044745
0.055272
0.200128
0.188028
0.154182
0.119656
0.128078
0.121321
0.086148
0.162684
0.091721
0.227252
0.053533
0.080188
0.158777
0.214473
0.245484
0.485824
0.090862
0.098861
0.185868
0.077038
0.280024
0.117253
0.021844
0.197077
0.049151
0.094219
0.557663
0.207633
0.136284
0.063064
0.300552
0.09763
0.349781
0.039853
0.119764
0.076391
0.05794
0.084404
0.046633
0.128527
0.069476
0.094764
0.149332
0.243762
0.067358
0.190067
0.122951
0.14992
0.077835
0.171463
0.124009
0.249879
0.097954
0.054674
0.148366
0.145453
0.25485
0.082842
0.13283
0.112175
0.038412
0.105117
0.277773
0.099151
0.023708
0.073772
0.082171
0.23305
0.136921
0.080856
0.109442
0.478901
0.0796
0.03546
0.220434
0.077193
0.085111
0.040145
0.493494
0.173426
0.047805
0.139315
0.056385
0.458226
0.066091
0.041287
0.059644
0.226074
0.028517
0.065767
0.118771
0.056972
0.157657
0.084634
0.101607
0.045077
0.272061
0.071388
0.064932
0.156623
0.072819
0.11327
0.112905
0.355832
0.120776
0.280323
0.115245
0.199361
0.090926
0.154561
0.043663
0.211461
0.064278
0.134034
0.098792
0.353595
0.174935
0.314622
0.127369
0.325406
0.124598
0.159887
0.189056
0.15721
0.208225
0.066567
0.204152
0.280958
0.249249
0.113359
0.262202
0.170092
0.173362
0.0657
0.096628
0.275392
0.082749
0.183287
0.139216
0.154902
0.402654
0.099203
0.115672
0.17661
0.25698
0.087873
0.345794
0.174708
0.179411
0.085191
0.062022
0.02995
0.13727
0.3503
0.071251
0.153738
0.226082
0.099647
0.14624
0.024979
0.112215
0.1525
0.1825
0.078801
0.107617
0.061751
0.300379
0.098607
0.068901
0.174051
0.0935
0.134204
0.142272
0.082059
0.180071
0.156514
0.27443
0.082064
0.114142
0.127563
0.289378
0.026811
0.050993
0.038279
0.09396
0.259761
0.088641
0.054339
0.134856
0.127234
0.090397
0.277916
0.295361
0.173723
0.176655
0.698607
0.058585
0.139272
0.26633
0.116387
0.237792
0.435735
0.171256
0.277264
0.121193
0.094681
0.061664
0.044555
0.23822
0.114948
0.184869
0.472252
0.060253
0.303992
0.018372
0.16449
0.075673
0.219845
0.258889
0.265835
0.507974
0.111193
0.099053
0.064748
0.065361
0.101458
0.045256
0.078755
0.070037
0.060687
0.226948
0.189677
0.257525
0.061274
0.022737
0.157164
0.32062
0.076972
0.142963
0.264973
0.199246
0.088365
0.151653
0.190899
0.138948
0.065615
0.127005
0.081519
0.06018
0.204797
0.136426
0.334901
0.16261
0.39115
0.190164
0.073618
0.151068
0.054813
0.148744
0.190421
0.175734
0.076542
0.185822
0.044923
0.066389
0.107413
0.081106
0.112065
0.261625
0.254063
0.027257
0.151124
0.407491
0.298401
0.026474
0.099536
0.039815
0.105682
0.148166
0.084727
0.129328
0.090413
0.134707
0.055369
0.183754
0.176579
0.049336
0.183043
0.125811
0.0905
0.110926
0.102852
0.047463
0.278386
0.099514
0.234415
0.111578
0.054458
0.138946
0.29308
0.013542
0.10352
0.121932
0.089795
0.075502
0.241618
0.041627
0.170729
0.064227
0.142157
0.244791
0.295442
0.21979
0.063202
0.046533
0.044744
0.13562
0.122134
0.033514
0.600547
0.18389
0.048804
0.116643
0.184409
0.043244
0.118141
0.092853
0.149989
0.095974
0.023048
0.094175
0.163478
0.091209
0.356693
0.306904
0.072046
0.273722
0.217361
0.034551
0.064166
0.108335
0.14008
0.047129
0.286071
0.147716
0.10981
0.237983
0.061206
0.105507
0.085056
0.127739
0.142916
0.050045
0.123599
0.097497
0.285318
0.139762
0.14056
0.0809
0.590064
0.175388
0.136326
0.248311
0.059115
0.063133
0.191831
0.139872
0.683084
0.132753
0.154014
0.096763
0.032358
0.333921
0.143488
0.083345
0.070435
0.093505
0.17685
0.180133
0.060904
0.04553
0.290745
0.075657
0.090512
0.314229
0.024327
0.108838
0.127666
0.251168
0.1352
0.232714
0.028644
0.33757
0.143857
0.179734
0.019308
0.128261
0.15639
0.185804
0.089995
0.130504
0.074254
0.146874
0.05905
0.128353
0.192332
0.151389
0.172179
0.134209
0.085913
0.075808
0.284661
0.044211
0.025566
0.04843
0.07278
0.27879
0.121317
0.134757
0.136579
0.439437
0.086339
0.230577
0.083904
0.227549
0.263123
0.328844
0.195135
0.03848
0.162013
0.067695
0.279378
0.114583
0.115637
0.079599
0.090424
0.207376
0.372759
0.038412
0.235949
0.127611
0.091113
0.153755
0.263586
0.378065
0.158311
0.182413
0.33645
0.077261
0.116949
0.162136
0.261528
0.059063
0.068675
0.199569
0.105448
0.280085
0.130981
0.065368
0.157223
0.074333
0.117819
0.077292
0.16368
0.116777
0.15093
0.129339
0.061454
0.255319
0.078171
0.102859
0.179189
0.236113
0.048797
0.061597
0.211719
0.12933
0.140722
0.041658
0.133674
0.44229
0.168985
0.22915
0.103748
0.063399
0.24147
0.099491
0.100467
0.160164
0.21221
0.02041
0.124093
0.353832
0.105404
0.063499
0.065016
0.105592
0.257897
0.580315
0.204956
0.059138
0.225564
0.111435
0.168512
0.227099
0.207614
0.060404
0.099135
0.079199
0.159202
0.172531
0.239863
0.177655
0.295938
0.166962
0.209318
0.10456
0.198113
0.098941
0.055608
0.136142
0.085612
0.061209
0.077105
0.30345
0.091476
0.243147
0.317748
0.191555
0.100361
0.29818
0.204909
0.309995
0.157976
0.062012
0.257839
0.234539
0.181054
0.047968
0.056617
0.206301
0.489745
0.109029
0.130781
0.076027
0.088286
0.094619
0.078326
0.207925
0.391792
0.044568
0.168188
0.083836
0.279432
0.126139
0.120146
0.233919
0.103774
0.026769
0.08653
0.281948
0.418685
0.048026
0.205227
0.109076
0.146404
0.212103
0.080102
0.137715
0.091174
0.242898
0.144745
0.106474
0.234021
0.090708
0.081561
0.496569
0.135775
0.11614
0.034175
0.218767
0.090057
0.164117
0.055434
0.047025
0.084433
0.112112
0.420769
0.060562
0.256324
0.097409
0.036236
0.070654
0.128718
0.089177
0.031525
0.202246
0.14107
0.144077
0.08378
0.043808
0.096532
0.152769
0.08379
0.146962
0.106133
0.134646
0.093277
0.016433
0.363336
0.150169
0.149609
0.058616
0.203941
0.218668
0.250222
0.252632
0.221679
0.051608
0.150136
0.049451
0.104626
0.102388
0.016743
0.168625
0.180344
0.202838
0.089866
0.306163
0.222075
0.231709
0.244929
0.051361
0.042742
0.145515
0.123899
0.187396
0.098697
0.312257
0.357296
0.14581
0.24563
0.115603
0.096305
0.351545
0.22775
0.105735
0.050649
0.113508
0.090983
0.104088
0.145633
0.146231
0.140203
0.182075
0.02094
0.283005
0.1074
0.237875
0.204317
0.302858
0.099415
0.111925
0.13606
0.128919
0.110221
0.225554
0.132534
0.119385
0.088376
0.147106
0.165005
0.2502
0.159802
0.33932
0.377845
0.169864
0.251245
0.078144
0.239932
0.243146
0.1226
0.197135
0.155609
0.060853
0.154237
0.157537
0.232646
0.104147
0.156161
0.040508
0.127096
0.230404
0.064812
0.014017
0.1651
0.094046
0.038699
0.15365
0.337601
0.186722
0.208158
0.049711
0.01993
0.152699
0.160952
0.030139
0.234264
0.061444
0.213665
0.444226
0.044444
0.252713
0.065328
0.118571
0.119502
0.131663
0.148377
0.468955
0.27577
0.107035
0.239636
0.191691
0.167906
0.165343
0.0427
0.036765
0.084216
0.071598
0.339481
0.125213
0.193003
0.11593
0.117759
0.159785
0.219333
0.033856
0.083437
0.190757
0.029391
0.237984
0.22707
0.276543
0.289086
0.23789
0.192312
0.230884
0.143469
0.109461
0.146866
0.045706
0.229691
0.113594
0.091709
0.155909
0.173074
0.147817
0.10794
0.165138
0.02666
0.154346
0.29935
0.063206
0.130981
0.056138
0.129273
0.068146
0.076115
0.400541
0.064612
0.056911
0.100913
0.154447
0.109601
0.063458
0.141799
0.324749
0.137683
0.092313
0.174652
0.031761
0.04876
0.448871
0.13109
0.330033
0.05679
0.116184
0.039391
0.103583
0.069861
0.330402
0.037509
0.14786
0.250608
0.144034
0.050305
0.079053
0.267957
0.260176
0.065358
0.114952
0.268994
0.352069
0.098842
0.148078
0.170835
0.085171
0.052913
0.192653
0.143962
0.122341
0.223736
0.193934
0.171202
0.228163
0.14524
0.140766
0.114453
0.084114
0.131685
0.430111
0.064251
0.119385
0.010596
0.16734
0.144243
0.074268
0.133145
0.083104
0.047965
0.1954
0.058067
0.172445
0.059433
0.221274
0.048787
0.113807
0.167346
0.180062
0.163178
0.078992
0.200395
0.185358
0.11509
0.093678
0.135024
0.089684
0.133762
0.040674
0.055518
0.048964
0.112823
0.08285
0.046584
0.077534
0.11959
0.065709
0.239455
0.122601
0.191661
0.045838
0.046406
0.118265
0.108777
0.165208
0.128332
0.112784
0.080226
0.046247
0.116496
0.056956
0.042465
0.036572
0.063539
0.140107
0.164177
0.135673
0.079158
0.157535
0.085417
0.072529
0.176611
0.107737
0.208061
0.055849
0.287558
0.188578
0.154408
0.085429
0.11342
0.276252
0.071348
0.047877
0.132392
0.066108
0.048314
0.0929
0.16978
0.085657
0.143327
0.277178
0.116721
0.038902
0.045074
0.098058
0.039788
0.036407
0.14135
0.091341
0.212981
0.168066
0.269029
0.098884
0.185456
0.164222
0.208347
0.075585
0.191884
0.180693
0.208164
0.127031
0.053097
0.196882
0.081357
0.14484
0.123742
0.189655
0.051993
0.079024
0.062235
0.245671
0.024974
0.087644
0.153126
0.049213
0.250679
0.164698
0.209607
0.082699
0.082427
0.179243
0.045593
0.301912
0.0313
0.037572
0.13069
0.183185
0.059827
0.135708
0.156097
0.106318
0.297409
0.056102
0.163305
0.123183
0.085449
0.044512
0.117356
0.116771
0.237845
0.221997
0.090281
0.1411
0.304782
0.27884
0.237781
0.292502
0.19622
0.378123
0.164509
0.105522
0.098713
0.124593
0.304852
0.161753
0.141638
0.074097
0.065055
0.636784
0.17774
0.044977
0.102479
0.142302
0.154271
0.192113
0.14553
0.103296
0.155293
0.38392
0.257945
0.089828
0.275283
0.098729
0.045171
0.049301
0.036611
0.062137
0.02209
0.083631
0.111229
0.074774
0.199296
0.146648
0.100901
0.213412
0.131904
0.108045
0.075868
0.214847
0.190278
0.177043
0.101247
0.229168
0.630226
0.166232
0.353701
0.111544
0.264928
0.07506
0.2684
0.090204
0.088479
0.431221
0.309463
0.102741
0.07541
0.085153
0.073983
0.217561
0.06051
0.367246
0.166222
0.198028
0.317161
0.079218
0.607771
0.238225
0.129747
0.217554
0.026506
0.328334
0.0791
0.208149
0.036857
0.214973
0.27293
0.080927
0.256795
0.129589
0.13797
0.087935
0.253881
0.131418
0.210537
0.121566
0.142113
0.16455
0.07719
0.189767
0.054843
0.048547
0.145877
0.172074
0.215388
0.168666
0.398611
0.058747
0.043845
0.385795
0.064309
0.175263
0.175117
0.352281
0.15387
0.380637
0.092952
0.076156
0.273055
0.23374
0.056793
0.063837
0.42933
0.300347
0.139471
0.202672
0.091485
0.356322
0.242156
0.167087
0.110494
0.632698
0.403547
0.214804
0.025072
0.28329
0.021408
0.2735
0.076561
0.040043
0.125504
0.116119
0.137644
0.157125
0.076706
0.180544
0.134531
0.181838
0.10555
0.03199
0.048446
0.104521
0.40385
0.120904
0.181396
0.067473
0.312425
0.023275
0.179077
0.035396
0.316628
0.02449
0.278118
0.217971
0.124857
0.224661
0.115223
0.257513
0.079886
0.209608
0.078955
0.206319
0.058067
0.103768
0.039101
0.103749
0.117754
0.165238
0.233763
0.200669
0.057796
0.135932
0.137466
0.382352
0.404298
0.124592
0.0772
0.124658
0.1236
0.17617
0.447897
0.185111
0.084722
0.03911
0.047498
0.170844
0.064177
0.135119
0.241584
0.125602
0.078536
0.333909
0.030144
0.119016
0.121921
0.234765
0.08182
0.06829
0.101484
0.163487
0.112064
0.030478
0.042829
0.150796
0.622016
0.166637
0.177295
0.109458
0.145656
0.057787
0.032022
0.123256
0.245191
0.04318
0.061602
0.132195
0.181703
0.088375
0.122105
0.102688
0.071629
0.309775
0.253041
0.143101
0.087738
0.157476
0.184902
0.232412
0.090296
0.231955
0.349214
0.073497
0.103387
0.837202
0.085482
0.146646
0.453913
0.129202
0.101945
0.124578
0.057856
0.074739
0.139502
0.174976
0.180962
0.155952
0.132531
0.035505
0.063063
0.227343
0.089876
0.083515
0.069727
0.063358
0.021052
0.09609
0.3308
0.062449
0.059357
0.179983
0.063792
0.141246
0.073655
0.475885
0.133464
0.095507
0.162513
0.147295
0.106047
0.553399
0.145365
0.520637
0.089117
0.08009
0.085767
0.085635
0.209117
0.098184
0.108164
0.162527
0.382318
0.183044
0.256836
0.075599
0.147481
0.153375
0.511946
0.109505
0.047397
0.146895
0.118696
0.064799
0.20644
0.217761
0.174631
0.035224
0.025209
0.062676
0.031373
0.289925
0.089955
0.109459
0.105317
0.3604
0.036721
0.25184
0.129453
0.10426
0.209799
0.220785
0.399311
0.157447
0.180845
0.086602
0.059841
0.124467
0.052416
0.141522
0.109515
0.119021
0.328584
0.275573
0.581699
0.134789
0.110242
0.091766
0.160809
0.093731
0.044565
0.075462
0.259458
0.026158
0.253726
0.199883
0.222686
0.057497
0.2293
0.071202
0.184167
0.111987
0.07355
0.10948
0.375702
0.086527
0.321036
0.024107
0.0716
0.069944
0.192829
0.383336
0.145183
0.056498
0.073887
0.197465
0.469061
0.137437
0.021477
0.096611
0.096452
0.087341
0.049314
0.216732
0.099741
0.239385
0.146604
0.032814
0.348394
0.147216
0.372869
0.282367
0.241644
0.081754
0.173154
0.075703
0.18664
0.106575
0.161329
0.260252
0.136088
0.078452
0.412811
0.227664
0.034339
0.165401
0.2399
0.360679
0.233015
0.154742
0.484893
0.382693
0.080425
0.114093
0.086307
0.07314
0.01235
0.081063
0.177429
0.084546
0.229656
0.104856
0.14067
0.177775
0.224449
0.124799
0.275361
0.10327
0.086337
0.065441
0.118339
0.189744
0.127637
0.04199
0.220584
0.189106
0.059872
0.024132
0.388553
0.15588
0.186017
0.128447
0.150904
0.108319
0.236526
0.166605
0.078942
0.163787
0.169552
0.212125
0.141342
0.019831
0.073033
0.207963
0.079641
0.224465
0.083168
0.303262
0.177441
0.121356
0.342922
0.167
0.317139
0.078507
0.236576
0.156483
0.35251
0.154977
0.048243
0.029701
0.024703
0.204044
0.28867
0.080501
0.112748
0.051181
0.07426
0.108044
0.097352
0.093252
0.258866
0.096216
0.046263
0.163769
0.238847
0.125012
0.141193
0.149452
0.047442
0.218739
0.052361
0.238989
0.102328
0.075439
0.052481
0.156124
0.05734
0.036552
0.083368
0.234665
0.075973
0.135377
0.32375
0.140903
0.052441
0.062506
0.040164
0.174918
0.097014
0.095549
0.086108
0.183842
0.128541
0.202856
0.133692
0.103187
0.165709
0.211194
0.015705
0.211039
0.098293
0.10562
0.20306
0.208356
0.168971
0.082631
0.179675
0.025601
0.067393
0.204486
0.045331
0.419282
0.051386
0.12602
0.355564
0.073292
0.127768
0.236114
0.161649
0.106343
0.083215
0.047661
0.120643
0.191688
0.254434
0.222674
0.065984
0.082435
0.131023
0.197522
0.212648
0.047476
0.158676
0.179022
0.065183
0.105026
0.205503
0.222244
0.049669
0.215102
0.074785
0.243687
0.056751
0.179336
0.077314
0.052559
0.097592
0.063978
0.29758
0.058129
0.054129
0.198022
0.365545
0.022218
0.129401
0.224925
0.232564
0.205789
0.078404
0.055692
0.204082
0.265784
0.132224
0.172412
0.133384
0.112312
0.0637
0.075434
0.234891
0.172092
0.169552
0.544451
0.102757
0.194579
0.195167
0.075303
0.035082
0.070667
0.154377
0.033979
0.080466
0.12478
0.239986
0.096407
0.17412
0.279041
0.120302
0.124284
0.084777
0.158587
0.091992
0.130647
0.058471
0.201119
0.37257
0.205473
0.193628
0.375425
0.162839
0.037377
0.105521
0.068592
0.070413
0.160668
0.060976
0.063691
0.210917
0.152271
0.075946
0.147527
0.135372
0.160282
0.174277
0.10145
0.459137
0.031072
0.096368
0.060826
0.063051
0.48721
0.071798
0.413313
0.325548
0.0941
0.094304
0.135764
0.147746
0.103535
0.123774
0.155312
0.08213
0.208368
0.216882
0.056498
0.134592
0.087014
0.144655
0.258966
0.085353
0.073154
0.034048
0.020534
0.055653
0.073045
0.057892
0.125314
0.095962
0.142976
0.276529
0.105942
0.215336
0.044074
0.309477
0.302021
0.0382
0.220427
0.056411
0.121091
0.054864
0.14271
0.232517
0.26662
0.151744
0.143175
0.170139
0.09858
0.133337
0.056505
0.182526
0.128155
0.183583
0.578867
0.100087
0.31938
0.06758
0.081747
0.40251
0.05028
0.097738
0.062311
0.127805
0.07753
0.059819
0.110592
0.045642
0.06062
0.121132
0.164598
0.082613
0.102578
0.125143
0.093776
0.161904
0.152471
0.133117
0.065465
0.07743
0.10511
0.121178
0.20358
0.067591
0.175014
0.304851
0.03494
0.069504
0.097374
0.211249
0.01709
0.070582
0.133674
0.100593
0.021428
0.263718
0.288832
0.114786
0.252822
0.174244
0.268399
0.165306
0.188783
0.245485
0.380061
0.200396
0.027617
0.130764
0.041217
0.084301
0.37655
0.155127
0.186095
0.218608
0.200494
0.167381
0.043177
0.047537
0.230283
0.245304
0.221217
0.084596
0.112231
0.093717
0.068902
0.103037
0.207975
0.044437
0.476353
0.865556
0.17898
0.124056
0.159817
0.142873
0.038736
0.054202
0.128493
0.173094
0.079372
0.157879
0.030172
0.108597
0.13303
0.111216
0.157297
0.284588
0.092965
0.20306
0.298494
0.149529
0.148461
0.137862
0.182794
0.036704
0.155972
0.112462
0.443397
0.163116
0.153613
0.042967
0.171571
0.230138
0.060722
0.14468
0.594296
0.028854
0.239974
0.044321
0.073525
0.112885
0.068486
0.068434
0.07112
0.196757
0.056582
0.107366
0.390727
0.143295
0.072663
0.146118
0.082764
0.139034
0.108745
0.022533
0.090162
0.31609
0.160344
0.119407
0.109946
0.084095
0.013141
0.138536
0.125116
0.065445
0.071191
0.167767
0.278052
0.365599
0.118639
0.090619
0.137599
0.028243
0.440537
0.307965
0.131239
0.07864
0.32245
0.077442
0.31236
0.081454
0.149981
0.136241
0.093391
0.171943
0.055962
0.164352
0.051707
0.110209
0.21052
0.153657
0.195516
0.149326
0.167694
0.326356
0.268583
0.254658
0.27323
0.322302
0.108608
0.08296
0.037025
0.113631
0.155401
0.207024
0.252042
0.169271
0.224599
0.168283
0.313443
0.279733
0.199531
0.089907
0.112636
0.072608
0.251544
0.165413
0.171928
0.131292
0.040271
0.068318
0.111964
0.210404
0.226525
0.099365
0.07906
0.238849
0.228895
0.240775
0.105937
0.584719
0.088776
0.043886
0.117926
0.064075
0.105648
0.079535
0.353869
0.230232
0.039147
0.043182
0.081111
0.415415
0.312282
0.156832
0.048635
0.143567
0.107335
0.09448
0.166448
0.041299
0.130215
0.085187
0.427472
0.048883
0.104052
0.135291
0.183752
0.047511
0.139601
0.121561
0.100336
0.219314
0.294244
0.046174
0.206102
0.083179
0.076601
0.077655
0.374633
0.162049
0.19119
0.105233
0.277357
0.115738
0.22035
0.335021
0.32645
0.333212
0.194482
0.070766
0.204192
0.120813
0.104922
0.27037
0.144543
0.083598
0.12231
0.172096
0.25354
0.15578
0.151113
0.23562
0.25001
0.104372
