0.130395
0.206891
0.167006
0.664107
0.111407
0.069382
0.218476
0.535022
0.028277
0.302316
0.546859
0.112738
0.119704
0.043626
0.4339
0.192634
0.240942
0.054918
0.340657
0.056858
0.224307
0.56311
0.324345
0.153859
0.392736
0.152904
0.317521
0.436344
0.225247
0.009577
0.051266
0.23834
0.059209
0.411627
0.265397
0.099645
0.079404
0.206994
0.421696
0.304845
0.506649
0.132658
0.080717
0.290051
1.247179
0.051042
0.214225
0.188241
0.09282
0.22439
0.261672
0.167718
0.190392
0.100767
0.199107
0.152184
0.217707
0.414521
0.121483
0.218896
0.748033
0.223147
0.164683
0.120727
0.268929
0.06612
0.037597
0.220068
0.123648
0.266223
0.113143
0.100489
0.016293
0.241541
0.19693
0.13612
0.30695
0.216745
0.403419
0.017451
0.530956
0.159987
0.310082
0.229886
0.142252
0.244919
0.243339
0.35684
0.047815
0.288911
0.060187
0.110116
0.083019
0.368619
0.612955
0.293906
0.184509
0.140381
0.125097
0.02959
0.525632
0.154957
0.207223
0.01647
0.268207
0.070171
0.137436
0.084524
0.079228
0.070345
0.02548
0.108024
0.046028
0.132253
0.225772
0.135147
0.462546
0.059069
0.064033
0.100121
0.479088
0.103741
0.251056
0.360171
0.408663
0.147552
0.009542
0.170476
0.25747
0.175521
0.184058
0.061066
0.294194
0.578296
0.282604
0.150196
0.276486
0.161368
0.444352
0.357345
0.046807
0.319573
0.393475
0.065055
0.516589
0.053978
0.261077
0.451778
0.161976
0.264912
0.391503
0.966782
0.130924
0.459949
0.430546
0.102655
0.381409
0.227008
0.252234
0.339864
0.199188
0.312801
0.335379
0.417697
0.199917
0.140448
0.089561
0.078436
0.173349
0.187529
0.328916
0.144624
0.184474
0.136609
0.297741
0.014104
0.230349
0.321008
0.173276
0.266619
0.16733
0.130579
0.105545
0.325686
0.123003
0.096339
0.094569
0.142809
0.147254
0.191245
0.242905
1.335225
0.501505
0.093135
0.137612
0.10754
0.030024
0.297163
0.070243
0.338193
0.05295
0.225138
0.02014
0.054976
0.365784
0.254232
1.009142
0.198445
0.30943
0.524581
0.46322
0.134901
0.596757
0.061618
0.223423
0.088021
0.311748
0.203423
0.144651
0.109017
0.07572
0.073988
0.399249
0.196588
0.093863
0.111366
0.123079
0.184582
0.094362
0.204518
0.965942
0.210558
0.156257
0.135851
0.198805
0.325408
0.079513
0.318473
0.21547
0.183884
0.712308
0.416127
0.109649
0.077591
0.402889
0.220911
0.199687
0.641384
0.207739
0.148021
0.026941
0.076744
0.173449
0.336411
0.516268
0.084199
0.822809
0.119187
0.115465
0.121431
0.056003
0.156359
0.243949
0.218499
0.13817
0.038546
0.249046
0.149496
0.205239
0.078636
0.243093
0.062286
0.083753
0.45113
0.16715
0.079175
0.509387
0.546339
0.342772
0.116374
0.044414
0.223743
0.372563
0.271616
0.056363
0.10264
0.393202
0.106908
0.197865
0.445984
0.271518
0.046162
0.258873
0.132654
0.283764
0.143846
0.211572
0.105316
0.18786
0.088988
0.219064
0.121787
0.355885
0.447851
0.291665
0.135141
0.071018
0.225857
0.102485
0.007992
0.354132
0.316197
0.447099
0.437804
0.54809
0.50075
0.120715
0.104245
0.091557
0.073195
0.268814
0.16328
0.109081
0.417575
0.18388
0.213164
0.381357
0.122329
0.390723
0.029364
0.463986
0.07089
0.169234
0.570316
0.165078
0.017194
0.250594
0.063145
0.361495
0.210377
0.130057
0.12754
0.520918
0.130816
0.324514
0.048521
0.318983
0.029823
0.052026
0.151402
0.044659
0.108176
0.145178
0.144561
0.067086
0.18249
0.304046
0.107838
0.214165
0.081964
0.440127
0.314206
0.338227
0.274115
0.174984
0.087561
0.239294
0.211076
0.04276
0.479467
0.220454
0.218975
0.174883
0.279912
0.111121
0.380329
0.279785
0.155072
0.099734
0.022818
0.312051
0.099488
0.078806
0.155421
0.161325
0.107621
0.064225
0.082027
0.123755
0.261033
0.015542
0.716286
0.078072
0.164722
0.041796
0.047352
0.418489
0.222641
0.316649
0.135806
0.110379
0.06255
0.250832
0.359055
0.12225
0.114156
0.087351
0.218855
0.015201
0.153315
0.021408
0.55438
0.154209
0.143378
0.350156
0.541667
0.26893
0.605893
0.29384
0.455745
0.059442
0.460756
0.108186
0.395603
0.54653
0.031868
0.05522
0.163976
0.329416
0.291259
0.460134
0.138843
0.031166
0.136498
0.395522
0.088942
0.27476
0.258276
0.612659
0.195527
0.032799
0.155301
0.342296
0.495824
0.658592
0.263224
0.636372
0.154344
0.13901
0.078925
0.443786
0.148365
0.145192
0.281726
0.074062
0.104928
0.153328
0.225538
0.023469
0.090233
0.402084
0.070476
0.274428
0.235337
0.108716
0.149763
0.185384
0.046579
0.053454
0.071236
0.100351
0.127256
0.306592
0.096462
0.150021
0.181575
0.063527
0.10023
0.058904
0.161003
0.310185
0.104647
0.421904
0.148767
0.100695
0.250521
0.585625
0.176284
0.128548
0.503819
0.362992
0.134124
0.016568
0.231742
0.047976
0.170519
0.320694
0.077301
0.320436
0.386381
0.120782
0.07502
0.247385
0.114974
0.087016
0.017517
0.093218
0.142671
0.11598
0.070042
0.114458
0.063175
0.33834
0.338553
0.372102
0.157628
0.497606
0.067995
0.467864
0.058573
0.368671
0.033428
0.080716
0.064769
0.083839
0.250039
0.485621
0.011345
0.205212
0.143769
0.61571
0.468725
0.260691
0.120175
0.100118
0.08889
0.08704
0.075269
0.338681
0.114038
0.168245
0.04031
0.084321
0.136812
0.121309
0.14262
0.124789
0.248142
0.321908
0.230581
0.128124
0.139036
0.190453
0.300823
0.679923
0.134482
0.115063
0.373848
0.293381
0.283041
0.092796
0.047987
0.241825
0.316158
0.091431
0.337407
0.038002
0.478085
0.095398
0.17823
0.04258
0.075337
0.067777
0.092013
0.096445
0.264913
0.273495
0.278476
0.125826
0.143769
0.10667
0.057517
0.113058
0.056432
0.088149
0.557391
0.222284
0.284432
0.12188
0.129124
0.240446
0.34951
0.211622
0.200414
0.175318
0.037335
0.138845
0.109328
0.280768
0.318816
0.168972
0.086763
0.583163
0.324349
0.138841
0.172894
0.137563
0.398436
0.207439
0.171365
0.448945
0.208311
0.672439
0.660642
0.272328
1.134909
0.040886
0.226192
0.116382
0.445485
0.078082
0.091584
0.25083
0.854047
0.219044
0.269801
0.189765
0.22027
0.053504
0.032154
0.382343
0.129828
0.05224
0.105921
0.01564
0.269843
0.235883
0.146807
0.124184
1.180661
0.21228
0.300206
0.28204
0.676797
0.713535
0.250043
0.025687
0.609425
0.050319
0.411283
0.073243
0.177652
0.248149
0.511863
0.429131
0.246403
0.078545
0.058432
0.07698
0.333851
0.10111
0.073395
0.444047
0.562016
0.312207
0.222572
0.221551
0.131701
0.138055
0.567796
0.076812
0.40233
0.282975
0.303322
0.041521
0.372853
0.103824
0.082634
0.234579
0.291894
0.420443
0.123948
0.094894
0.139135
0.088397
0.384863
0.085255
0.171906
0.238891
0.161163
0.24657
0.330136
0.225088
0.289356
0.114162
0.230544
0.279265
0.504972
0.272625
0.745061
0.589722
0.334388
0.179063
0.036767
0.025023
0.13909
0.392233
0.019698
0.180648
0.24857
0.027892
0.597229
0.500834
0.404958
0.162343
0.190206
0.180773
0.130833
0.006817
0.8035
0.101755
0.005491
0.491444
0.164027
0.100544
0.34518
0.235565
0.025459
0.338033
0.04749
0.037476
0.600746
0.130569
0.069353
0.174514
0.580788
0.415841
0.14035
0.189871
0.265581
0.324162
0.273647
0.095472
0.204428
0.353737
0.10026
0.112806
0.705702
0.206418
0.152056
0.14221
0.073986
0.057629
0.44045
0.055216
0.698846
0.044603
0.576996
0.110573
0.105492
0.237572
0.048696
0.632888
0.382529
0.144094
0.426163
0.382747
0.193422
0.286506
0.62785
0.548382
0.137643
1.700229
0.410804
0.594388
0.201857
0.05571
0.183068
0.339461
0.323114
0.200358
0.290779
0.096979
0.035751
0.233603
0.126872
0.086607
0.183296
0.164102
0.054201
0.011974
0.303996
0.093326
0.050954
0.251732
0.085385
0.053532
0.191091
0.871361
0.024211
0.113363
0.272252
0.036247
0.050276
0.148315
0.239798
0.115754
0.412808
0.222038
0.169933
0.046396
0.056057
0.049424
0.490929
0.243423
0.085025
0.112192
0.07306
0.540205
0.05683
0.628994
0.245552
0.521824
0.309277
0.617868
0.155127
0.243307
0.300592
0.326316
0.042459
0.18623
0.142907
0.359976
0.252248
0.218426
0.180347
0.353459
0.281434
0.165666
0.054697
0.104352
0.176683
0.104698
0.130815
0.764046
0.094412
0.173442
0.323108
0.199856
0.226312
0.051149
0.077452
0.191484
0.050529
0.13223
0.137574
1.665642
1.130601
0.062859
0.075652
0.146103
0.491763
0.059004
0.20129
0.367941
0.23348
0.332614
0.731091
0.224891
0.161498
1.227136
0.085178
0.182649
0.131776
0.117028
0.187381
0.067886
0.069086
0.278326
0.388928
0.243333
0.201656
0.066529
0.449061
0.019836
0.290063
0.410163
1.379254
0.107996
0.059536
0.816188
0.418858
0.078893
0.221965
0.044184
0.157577
0.272679
0.267215
0.194085
0.461173
0.17223
0.143463
0.46274
0.407706
0.210801
0.436587
0.069545
0.035674
0.028604
0.135765
0.049719
0.115183
0.130005
0.105927
0.092318
0.329361
0.198378
0.211093
0.144355
0.213447
0.356722
0.244562
0.086994
0.462128
0.071065
0.185498
0.047968
0.128662
0.066415
0.178023
0.15024
0.192678
0.110788
0.276193
0.33052
0.460764
0.184902
0.14606
0.845701
0.140054
0.553831
0.109306
0.258142
0.056462
0.564768
0.104614
0.137739
0.119518
0.124934
0.221118
0.223482
0.069479
0.112243
0.973306
0.029801
0.390409
0.637294
0.175514
0.277245
0.030154
0.094617
0.617724
0.318246
0.195743
0.333897
0.174554
0.346833
0.328951
0.193839
0.343476
0.334489
0.160081
0.031299
0.095077
0.100054
0.099116
0.244732
0.158919
0.47985
0.225495
0.291886
0.275424
0.056899
0.134852
0.299
0.05767
0.119125
0.841654
0.258131
0.095437
0.064085
0.362199
0.216304
0.03617
0.18279
0.19947
0.050464
0.275056
0.188495
0.113632
0.18889
0.467429
0.143885
0.433902
0.099063
0.2142
0.61478
0.274726
0.151721
0.148991
0.18342
0.160176
0.284647
0.245502
0.273922
0.011594
0.08827
0.216428
0.109925
0.520639
0.1025
0.090543
0.33578
0.191702
0.440682
0.105718
0.226399
0.045863
0.521521
0.238669
0.298279
0.0464
0.143533
0.319676
0.203194
0.250922
0.103625
0.332836
0.06994
0.169219
0.157258
0.166782
0.342937
0.121289
0.09239
0.215827
0.056661
0.182851
0.044226
0.174531
0.05605
0.152423
0.250842
0.366399
0.163789
0.179096
0.308146
0.466657
0.17621
0.701
0.363384
0.228727
0.48121
0.207158
0.152409
0.21311
0.064509
0.090133
0.078742
0.089021
0.394369
0.203446
0.2373
0.020168
0.035417
0.185987
0.310261
0.228756
0.327387
0.204929
0.048672
0.308795
0.321621
0.23214
0.05333
0.284584
0.124681
0.125571
0.120578
0.035846
0.121253
0.154184
0.235527
0.406995
0.060202
0.501615
0.096723
0.537382
0.080152
0.557453
0.190845
0.216296
0.224528
0.391494
0.101853
0.395015
0.055184
0.069747
0.119267
0.136111
0.410232
0.356429
0.281868
0.229601
0.26244
0.301702
0.153813
0.165357
0.376748
0.419625
0.31538
0.020604
0.063945
0.091646
0.043841
0.396634
0.2537
0.547723
0.139705
0.161812
0.505967
0.049229
0.048758
0.086045
0.15244
0.070664
0.021331
0.090129
0.232381
0.375556
0.036592
0.016475
0.234283
0.133002
0.173533
0.232531
0.120503
0.1265
0.099112
0.171035
0.068896
0.031071
0.191693
0.212127
0.181402
0.155313
0.137414
0.65881
0.312032
0.259914
0.101697
0.26029
0.269629
0.143268
0.097001
0.09187
0.201029
0.30801
0.130601
0.10328
0.159635
0.120125
0.1446
0.085684
0.302419
0.211178
0.2335
0.285749
0.347643
0.069786
0.302558
0.33647
0.366016
0.268247
0.048291
0.166554
0.263923
0.521888
0.215774
0.148831
0.218902
0.444112
0.150455
0.193518
0.094944
0.054947
0.11816
0.155072
0.272756
0.117708
0.262021
0.434592
0.027256
0.247058
0.357247
0.252183
0.354666
0.355466
0.049203
0.290953
0.407028
0.164087
0.170152
0.129878
0.07833
0.053712
0.414133
0.481289
0.488555
0.172589
0.145877
0.279084
0.091288
0.210838
0.092614
0.072111
0.360572
0.104136
0.215746
0.110526
0.225298
0.317248
0.136964
0.312514
0.216414
0.179502
0.216538
0.082529
0.258518
0.179796
0.04366
0.099863
0.086458
0.17467
0.058593
0.311017
0.433247
0.07219
0.234656
0.3404
0.256139
0.410631
0.48648
0.241188
0.982752
0.050501
0.609841
0.065204
0.068362
0.235552
0.231177
0.3611
0.232695
0.112517
0.195079
0.205834
0.198629
0.046633
0.19512
0.233423
0.080107
0.216229
0.064108
0.274096
0.302885
0.094316
0.447438
0.422708
0.472553
0.365429
0.217746
0.123099
0.282897
0.343641
0.030199
0.10881
0.104831
0.108224
0.27753
0.027492
0.308464
0.03135
0.536519
0.179124
0.608859
0.125314
0.02481
0.163537
0.765167
0.109439
0.116567
0.223061
0.087597
0.480455
0.177652
0.562494
1.403072
0.567676
0.170827
0.19895
0.101591
0.136516
0.064872
0.305245
0.066118
0.1328
0.298866
0.321002
0.377597
0.051521
0.24931
0.559834
0.25037
0.046394
0.461912
0.184617
0.059939
0.130861
0.099825
0.216594
0.167477
0.078724
1.072034
0.00946
0.259366
0.675455
0.071367
0.561922
0.130355
0.284889
0.153937
0.260994
0.046128
0.178079
0.329277
0.152018
0.11551
0.260141
0.18895
0.878007
0.193006
0.539242
0.088244
0.159824
0.237503
0.269949
0.052685
0.130699
0.363419
0.154661
0.01447
0.089806
0.131915
1.656065
0.425232
0.125434
0.118871
0.230924
0.5687
0.174513
0.185941
0.209117
0.666134
0.65676
0.201736
0.184767
0.243892
0.037258
0.380639
0.450008
0.600971
0.140409
0.685791
0.288329
0.039264
0.044909
1.344383
0.462718
0.235567
0.14186
0.331113
0.07459
0.147607
0.284352
0.305913
0.074283
0.283451
0.113823
0.15249
0.208901
0.32376
0.07428
0.289987
1.025374
0.315958
0.071444
0.108123
0.022748
0.074135
0.349405
0.133091
0.219803
0.124232
0.150726
0.183306
0.236507
0.061786
0.068365
0.287085
0.089987
0.078504
0.37808
0.429026
0.150366
0.116638
0.286499
0.271565
0.308082
0.128212
0.307529
0.280747
0.128348
0.073487
0.406916
0.099496
0.642116
0.04042
0.108049
0.114266
0.105385
0.374539
0.772783
0.254005
0.093997
0.220709
0.800214
0.147397
0.221415
1.010331
0.066943
0.175646
0.085013
0.285059
0.347231
0.155187
0.280812
0.210218
0.195224
0.298261
0.19455
0.227072
0.120099
0.43314
0.555261
0.023623
0.02962
0.26183
0.395358
0.094384
0.546015
0.463538
0.129569
0.107257
0.195774
0.292691
0.203722
0.319197
0.112535
0.144835
0.071065
0.329946
0.256238
0.05723
0.494254
0.193565
0.022661
0.13701
0.029411
0.262036
0.170845
1.118737
0.157708
0.05438
0.346225
0.067894
0.109195
0.109237
0.192789
0.372776
0.089293
0.089319
0.83291
0.362506
0.188079
0.256822
0.08088
0.150275
0.200115
0.254366
0.258664
0.76089
0.037166
0.059495
0.00408
0.106518
0.410424
0.333002
0.341757
0.214761
0.214776
0.098738
0.149273
0.118676
0.837413
0.069085
0.329385
0.093863
0.176016
0.092458
0.419756
0.099385
0.052978
0.38572
0.091286
0.1826
0.03804
0.097949
0.184154
0.396989
0.533667
0.107232
0.255622
0.19941
0.122038
0.153464
0.070535
0.2189
0.081708
0.154404
0.352838
0.467247
0.024906
0.046853
0.23857
0.123792
0.240544
0.2502
0.142283
0.287546
0.136032
0.573675
0.191287
0.122446
0.092812
0.19694
0.082532
0.161505
0.039655
0.077654
0.244897
0.182473
0.28569
0.303513
0.089882
0.196832
0.026352
0.257765
0.435844
0.06463
0.335171
0.230363
0.103231
0.088999
0.025615
0.363747
0.2326
0.141423
0.113373
0.131721
0.49603
0.501516
0.383992
0.115312
0.1535
0.13104
0.076534
0.299333
0.261632
0.217147
0.236834
0.049753
0.143675
0.952342
0.118399
0.135932
0.103211
0.067699
0.32463
0.298909
0.238672
0.06785
0.224198
0.122832
0.295322
0.012959
0.04809
0.1915
0.181706
0.031982
0.271531
0.127583
0.225755
0.136701
0.186586
0.018926
0.069165
0.369303
0.070482
0.174886
0.246085
0.164221
0.307019
0.145419
0.147561
0.323971
0.115146
0.508159
0.035301
0.020901
0.314604
0.257387
0.203789
0.068002
0.260487
0.217682
0.051619
0.613642
0.029235
0.194456
0.071467
0.258209
0.04645
0.125055
0.33251
0.07091
0.694864
0.040733
0.217643
0.217086
0.078555
0.185742
0.139606
0.112459
0.120902
0.33998
0.46601
0.215143
0.186216
0.84301
0.028969
1.40613
0.633867
0.192076
0.136728
0.292706
0.169058
0.377841
0.510995
0.058913
0.17866
0.168643
0.242644
0.575234
0.107602
0.583477
0.17195
0.180936
0.2083
0.181195
0.242705
0.431374
0.052231
0.421426
0.031225
0.170566
0.032137
0.307687
0.386142
0.387456
0.074584
0.282382
0.166847
0.806441
0.307227
0.331513
0.025114
0.290945
0.184479
0.094002
0.199761
0.398158
0.026026
0.091448
0.657464
0.456477
0.093094
0.037572
0.153303
0.262671
0.02117
0.093579
0.095354
0.340921
0.182045
0.148159
0.462476
0.445005
0.111412
0.324349
0.130002
0.191242
0.187117
0.061803
0.351861
0.411747
0.097119
0.036443
0.056619
0.604324
0.098913
0.415159
0.795586
0.158925
0.107632
0.445678
0.082148
0.128364
0.088489
0.092536
0.165489
0.332705
0.069994
0.020704
0.352308
0.041497
0.096512
0.17441
0.105189
0.230386
0.334334
0.014861
0.166889
0.278512
0.174469
0.165614
0.037079
0.366621
0.610726
0.095425
0.167718
0.507792
0.180138
0.30522
0.052105
0.26104
0.484197
0.318706
0.051744
0.085051
0.032196
0.263032
0.354167
0.833525
0.245726
0.38464
0.066146
0.257509
0.232246
0.554996
0.709576
0.301292
0.004474
0.075056
0.477092
0.260795
0.039841
0.075347
0.329822
0.163252
0.275632
0.755085
0.1046
0.612703
0.075446
0.169165
0.059415
0.218088
0.081588
0.106805
0.179324
0.127177
0.259442
0.091539
0.0501
0.047699
0.778337
0.087662
0.229647
0.324476
0.065565
0.127638
0.150077
0.391177
0.066687
0.076289
0.145224
0.111027
0.133373
0.049562
0.626169
0.163475
0.681329
0.260856
0.268955
0.182337
0.130856
0.491432
0.472759
0.274814
0.086761
0.283688
0.111933
0.08474
0.175948
0.027359
0.255174
0.587318
0.110459
0.298017
0.151947
0.067885
0.196548
0.113176
0.105904
0.140207
0.032046
0.113517
0.117763
0.324462
0.240293
0.095833
0.205853
0.227181
0.099933
0.116219
0.217073
0.021499
0.372861
0.398888
0.181819
0.038547
0.08091
0.306873
0.409404
0.041422
0.105471
0.139053
0.040827
0.127999
0.116423
0.234525
0.137993
0.219854
0.453545
0.14247
0.54327
0.556786
0.211208
0.144654
0.125571
0.084952
0.134577
0.178969
0.037762
0.445656
0.045725
0.239131
0.436208
0.223875
0.123735
0.185409
0.150523
0.371336
0.20099
0.606795
0.041013
0.042751
0.269632
0.194725
0.387782
0.186758
0.179515
0.15348
0.068325
0.296193
0.158107
0.088537
0.17764
0.043399
0.312656
0.215041
0.020986
0.020656
0.320972
0.500582
0.376298
0.288156
0.061298
0.244316
0.271102
0.169871
0.171971
0.07247
0.054292
0.097616
0.384896
0.433753
0.267988
0.040444
0.149404
0.353687
0.068852
0.036924
0.076498
0.218657
0.424706
0.616141
0.369814
0.031487
0.360221
0.174299
0.15863
0.905183
0.230961
0.11312
0.252107
0.202482
0.218427
0.398964
0.329227
0.207716
0.333456
0.195955
0.34381
0.188722
0.161071
0.116074
0.509362
0.105358
0.291195
0.115303
0.556488
0.104465
0.140333
0.021114
0.210766
0.213264
0.3377
0.164146
0.220109
0.726934
0.05074
0.299363
0.407016
0.041301
0.513501
0.063351
0.236991
0.233394
0.084608
1.081165
0.105142
0.153575
0.28085
0.142387
0.083969
0.252887
0.162695
0.085928
0.425183
0.220762
0.121762
0.121951
0.054194
0.128237
0.220029
0.210106
0.143535
0.290148
0.136626
0.22916
0.089019
0.095687
0.524913
0.054274
0.329828
0.135645
0.126449
0.068889
0.112387
0.030866
0.658172
0.223953
0.176144
0.306971
0.297068
0.124661
0.227526
0.088843
0.049928
0.088671
0.183822
0.176813
0.209321
0.567436
0.234209
0.099744
0.055922
0.307576
0.037006
0.38494
0.113496
0.17471
0.106338
0.195137
0.220743
0.045955
0.101034
0.34292
0.04007
0.022252
0.023071
0.294859
0.257398
0.329237
0.183838
0.118708
0.201751
0.268524
0.629551
0.039654
0.036773
0.044973
0.161165
0.133119
0.082098
0.0325
0.128074
0.140653
0.058553
0.34057
0.246853
0.041495
0.104529
0.056268
0.28594
0.189886
0.166654
0.100282
0.462904
0.486715
0.216076
0.223116
0.099761
0.105502
0.055895
0.115993
0.05177
0.073505
0.47904
0.119407
0.163096
0.105158
0.148524
0.248411
0.137084
0.296485
0.030722
0.233353
0.100977
0.803624
0.115773
0.100196
0.3301
0.220789
0.143303
0.02796
0.42634
0.120743
0.107421
0.061385
0.32276
0.377831
0.862612
0.070461
0.239573
0.057997
0.063412
0.136872
0.093336
0.224432
0.054687
0.044053
0.04263
0.231727
0.095528
0.546898
0.339225
0.284848
0.131593
0.124616
0.043037
0.128022
0.2572
0.197767
0.47082
0.372441
0.100935
0.437608
0.320663
0.105095
0.136564
0.061219
0.10512
0.103295
0.056105
0.249732
0.212907
0.070646
0.063142
0.031325
0.142983
0.113047
0.428185
0.155956
0.191847
0.05119
0.043889
0.074729
0.020665
0.100589
0.048141
0.220045
0.008726
0.406342
0.062934
0.007465
0.301791
0.37438
0.211737
0.145217
0.045154
0.454897
0.108144
0.218707
0.336473
0.214963
0.283968
0.075594
0.01307
0.076559
0.035468
0.07372
0.297571
0.385768
0.066567
0.131023
0.205435
1.030405
0.328179
0.133868
0.346677
0.086618
0.387769
0.439255
0.357154
0.193177
0.409471
0.056899
0.128915
0.261958
0.147991
0.03815
0.491806
0.293749
0.168555
0.131744
0.0878
0.214694
0.158033
0.029613
0.688822
0.143049
0.158726
0.061234
0.116083
0.053654
0.083987
0.040694
0.154567
0.12276
0.039352
0.06547
0.158724
0.19852
0.150314
0.04214
0.546713
0.081465
0.452071
0.063224
0.082664
0.153968
0.100475
0.192795
0.419284
0.481001
0.174001
0.055811
0.410346
0.083383
0.093868
0.078879
0.054151
0.186423
0.215892
0.347664
0.139483
0.415856
0.265134
0.151113
0.567229
0.342228
0.195554
0.319507
0.007067
0.483551
0.362913
0.054122
0.113848
0.145994
0.217332
0.263098
0.210352
0.30191
0.128071
0.046205
0.259079
0.018352
0.259823
0.176144
0.392355
0.32496
0.034357
0.474067
0.117567
0.218287
0.059961
0.297498
0.057286
0.347645
0.152916
0.189474
0.209392
0.157554
0.142087
0.20753
0.030532
0.453547
0.299874
0.031824
0.189755
0.122794
0.365118
0.30321
0.4838
0.235337
0.082439
0.115592
0.259048
0.306987
0.041443
0.056482
0.059181
0.040325
0.219992
0.366326
0.14362
0.049568
0.114297
0.057041
0.233841
0.122074
0.286769
0.481406
0.25375
0.054529
0.085377
0.083002
0.121436
0.09532
0.152543
0.632689
0.295972
0.30503
0.219482
0.110617
0.276514
0.276229
0.137659
0.204746
0.60778
0.113817
0.199423
0.364151
0.206688
0.353634
0.066675
0.064317
0.226435
0.197153
0.18927
0.112299
0.051322
0.159048
0.151005
0.128141
0.412245
0.116465
0.387496
0.239968
0.11126
0.206778
0.407272
0.087991
0.093324
0.399523
0.225356
0.066238
0.139046
0.197531
0.051023
0.109594
0.2843
0.054077
0.516361
0.096009
0.081738
0.330826
0.177156
0.120582
0.225581
0.22848
0.034202
0.283805
0.098998
0.462912
0.256048
0.404043
0.102116
1.267976
0.143319
0.311049
0.432964
0.15904
0.216364
0.242415
0.617811
0.445415
0.143262
0.473573
0.047374
0.15563
0.154813
0.068756
0.06506
0.013176
0.055127
0.349365
0.077942
0.127455
0.088911
0.150972
0.088216
0.429419
0.103978
0.172727
0.160498
0.024983
0.110385
0.254801
0.13835
0.380672
0.171832
0.150162
0.35054
0.092047
0.131775
0.139681
0.300919
0.125402
0.413363
0.490324
0.093396
0.456531
0.11964
0.24093
0.069713
0.249431
0.087393
0.595015
0.126561
0.73473
0.188823
0.178132
0.208628
0.598124
0.193604
0.199203
0.133539
0.081635
0.298058
0.553436
0.154108
0.512245
0.027262
0.39046
0.064744
0.154224
0.127469
0.22831
0.058481
0.224046
0.013926
0.587547
0.060744
0.152746
0.46403
0.215224
0.241429
0.252066
0.690435
0.235682
0.217101
0.082625
0.040388
0.270941
0.201155
0.134544
0.097802
0.139816
0.184498
0.249734
0.176076
0.094452
0.223323
0.087997
0.192848
0.110507
0.238471
0.04451
0.357878
0.442322
0.217542
0.255308
0.326673
0.262376
0.114157
0.506897
0.034871
0.196617
0.17232
0.163578
0.053659
0.044409
0.523344
0.16515
0.15449
0.114479
0.119545
0.247616
0.237378
0.318684
0.12034
0.219495
0.144784
0.407315
0.26133
0.166995
0.063441
0.145763
0.152074
0.109625
0.203879
0.297246
0.245905
0.235635
0.28262
0.069789
0.343652
0.377326
0.103432
0.298742
0.12
0.646178
0.102382
0.237127
0.337539
0.030735
0.012592
0.163251
0.258913
0.349487
0.392911
0.210173
0.053659
0.272421
0.242587
0.379224
0.125036
0.274348
0.028313
0.089031
0.055947
0.30383
0.007182
0.854356
0.044572
0.303781
0.555995
0.177574
0.271806
0.034466
0.342407
0.154737
0.07066
0.092735
0.223769
0.196611
0.077291
0.215057
0.852727
0.004195
0.026728
0.066677
0.222015
0.240368
0.218426
0.338326
0.143472
0.329552
0.158594
0.118193
0.123248
0.181993
0.139272
0.304974
0.781263
0.130532
0.025872
0.247316
0.186603
0.097761
0.13044
0.223066
0.210652
0.076152
0.166772
0.170344
0.08818
0.229422
0.166304
0.118047
0.028838
0.104832
0.050055
0.232248
0.284597
0.157569
0.234522
0.120219
0.203463
0.17942
0.16649
0.212643
0.572525
0.174798
0.202455
0.165682
0.332691
0.440351
0.484138
0.01179
0.357486
0.268202
0.053102
0.034614
0.156413
0.155943
0.046747
0.140745
0.065797
0.241954
0.13181
0.253501
0.296341
0.049048
0.128362
0.016093
0.11808
0.425922
0.143824
0.138667
0.338903
0.1386
0.228041
0.101225
0.157339
0.601593
0.146036
0.095273
0.119253
0.687996
0.102171
0.184242
0.411162
0.144411
0.249689
0.397603
0.278056
0.317485
0.055055
0.115962
0.434788
0.344081
0.135832
0.045808
0.39237
0.234483
0.237652
0.125461
0.080083
0.106484
0.546292
0.155174
0.270977
0.081853
0.191971
0.62301
0.11139
0.052673
0.751535
0.341346
0.450635
0.341481
0.194083
0.370548
0.435416
0.218775
0.187502
0.396389
0.014689
0.077328
0.249202
0.085708
0.249371
0.096637
0.054191
0.114271
0.033856
0.028967
0.112466
0.116363
0.052036
0.075982
0.270193
0.050776
0.172961
0.130228
0.917027
0.135326
0.11608
0.143357
0.285968
0.619162
0.087735
0.073692
0.340595
0.476616
0.122343
0.260335
0.108341
0.199327
0.196982
0.273939
0.048107
0.109434
0.175395
0.035531
0.153471
0.13215
0.08887
0.096246
0.107956
0.145866
0.328806
0.357625
0.132647
0.075142
0.050104
0.1996
0.389692
0.238384
0.050984
0.168255
0.222656
0.180489
0.343997
0.120205
0.021622
0.057775
0.05924
0.123588
0.152713
0.265443
0.187029
0.171407
0.146716
0.118553
0.165941
0.135488
0.130319
0.174616
0.320563
0.168597
0.155504
0.060709
0.246767
0.174758
0.077363
0.208601
0.023116
0.293503
0.04833
0.123756
0.090134
0.560757
0.287436
0.193067
0.093163
0.292211
0.048495
0.19825
0.193421
0.036366
0.054868
0.163137
0.17831
0.213857
0.402799
0.042393
0.10223
0.053668
0.261011
0.057667
0.312384
0.455753
0.903833
0.243877
0.204797
0.286781
0.163781
0.851569
0.235906
0.390379
0.049369
0.386254
0.141429
0.046314
0.165547
0.39275
0.375391
0.211047
0.14573
0.204008
0.20345
0.286518
0.050781
0.218513
0.179847
0.066632
0.295576
0.063292
0.632595
0.264191
0.199778
0.031072
0.109962
0.160598
0.100887
0.345154
0.176937
0.722427
0.193071
0.167286
0.507095
0.136276
0.07971
0.099353
0.368865
0.119582
0.16585
0.166562
0.132744
0.161059
0.086452
0.223816
0.119913
0.400423
0.039904
0.184848
0.065768
0.094349
0.322068
0.133592
0.081782
0.18972
0.136733
0.16021
0.365723
0.241383
0.109467
0.210189
0.295968
0.016833
0.114625
0.367574
0.093215
0.088616
0.211986
0.167296
0.097397
0.064124
0.340235
0.030848
0.885324
0.058128
0.103254
0.101959
0.14415
0.436438
0.051581
0.058438
0.076083
0.259127
0.142075
0.238545
0.118462
0.067577
0.373306
0.025568
0.188832
0.781201
0.136308
0.175472
0.165496
0.255707
0.092227
0.07922
0.329723
0.073456
0.105618
0.119023
0.101114
0.324914
0.032807
0.298739
0.889181
0.031688
0.135773
0.048205
0.099833
0.32142
0.242692
0.553096
0.101389
0.10262
0.136266
0.139498
0.278515
0.18915
0.138121
0.069751
0.516029
0.247223
1.3472
0.022977
0.092434
0.085907
0.080239
0.081641
0.285249
0.200628
0.286972
0.209326
0.578703
0.179753
0.109307
0.518623
0.271917
0.196168
0.011599
0.274708
0.163966
0.044334
0.746881
0.088923
0.121337
0.018169
0.27911
0.145517
0.060202
0.086271
0.56711
0.137466
0.244009
0.08565
0.596991
0.018643
0.361461
0.090964
0.041515
0.30818
0.554935
0.21109
0.829767
0.158339
0.445682
0.066254
0.099785
0.093381
0.256135
0.118819
0.194213
0.179698
0.334375
0.30356
0.161315
0.131055
0.109345
0.06479
0.290942
0.354169
0.054284
0.054407
0.154513
0.81478
0.097001
0.038452
0.025239
0.06629
0.315242
0.558448
0.081078
0.048944
0.136385
0.33354
0.061829
0.403085
0.244672
0.225845
0.179351
0.302667
0.444324
0.24178
0.240256
0.058957
0.045672
0.446881
0.058517
0.474679
0.271844
0.144594
0.067046
0.126089
0.346808
0.410075
0.420984
0.017528
0.066167
0.052785
0.213955
0.149387
0.634381
0.263733
0.115478
0.147451
0.246873
0.25674
0.339136
0.603828
0.105596
0.083157
0.10087
0.373316
0.108961
0.004565
0.135236
0.225272
0.418923
0.377666
0.319261
0.17265
0.170777
0.377685
0.205142
0.074383
0.157959
0.179185
0.093552
0.14265
0.147768
0.063616
0.122331
0.122493
0.187986
0.13579
0.017772
0.093968
0.255261
0.294572
0.17146
0.198355
0.208892
0.399147
0.037531
0.09006
0.14543
0.153776
0.282049
0.14921
0.414138
0.195657
0.331224
0.096427
0.371871
0.110617
0.053735
0.136222
0.088152
0.121716
0.252587
0.076993
0.481367
0.167775
0.448956
0.371694
0.018977
0.302831
0.300519
0.409503
0.095668
0.128937
0.134736
0.115244
0.086296
0.172268
0.486959
0.128813
0.450478
0.033155
0.140325
0.252258
0.129847
0.18191
0.222714
0.328742
0.130378
0.093725
0.175126
0.024131
0.324461
0.324837
0.092399
0.19781
0.316946
0.056455
0.181083
0.218716
0.431996
0.254869
0.503052
0.066023
0.245625
0.112475
0.778394
0.218022
0.014575
0.05275
0.333058
0.304385
0.259857
0.059733
0.520386
0.707904
0.38958
0.257189
0.159217
0.216805
0.143601
0.077724
0.029556
0.286353
0.055149
0.054872
0.54949
0.072744
0.049476
0.035593
0.194396
0.202359
0.176108
0.2868
0.157432
0.356902
0.289594
0.030805
0.078589
0.264775
0.181674
0.019889
0.16056
0.335639
0.691825
0.296744
0.342728
0.068829
0.131197
0.309424
0.347791
0.068809
0.283291
0.078614
0.125378
0.287125
0.347324
0.413367
0.254512
0.076115
0.078881
0.314838
0.094348
0.050265
0.481874
0.35782
0.759867
0.104664
0.082072
0.165864
0.030805
0.027906
0.256307
0.429679
0.154439
0.243052
0.043046
0.344262
0.100565
0.358058
0.188081
0.41839
0.044839
0.423701
0.237113
0.041232
0.179557
0.122557
0.050466
0.142979
0.105071
0.583767
0.330948
0.172406
0.589929
0.150925
0.164281
0.118499
0.28712
0.009397
0.042634
0.176944
0.038971
0.518117
0.346345
0.473892
0.375587
0.071214
0.313445
0.279835
0.17359
0.202676
0.267028
0.41606
0.100986
0.307738
0.173541
0.157541
0.067223
0.660743
0.379096
0.383476
0.343088
0.083485
0.133291
0.412151
0.026119
0.219339
0.290964
0.125812
0.115877
0.124527
0.293165
0.059301
0.080468
0.065702
0.054463
0.127066
0.21563
0.115882
0.144482
0.279172
0.326951
0.120835
0.311478
0.326955
0.193773
0.159335
0.148703
0.346908
0.230519
0.51899
0.185033
0.374016
0.56183
0.134825
1.123456
0.385683
0.091678
0.395641
0.156953
0.121096
0.139912
0.347343
0.272923
0.155923
0.179135
0.028837
0.421775
0.154533
0.124648
0.25434
0.328904
0.07229
0.057231
0.123296
0.119987
0.20514
0.045488
0.512144
0.238027
0.121374
0.452488
0.128729
0.289207
0.295367
0.132592
0.135481
0.044583
0.208507
0.096607
0.562056
0.070086
0.677607
0.032976
0.284028
0.245972
0.236222
0.150011
0.150354
0.22523
0.053329
0.174739
0.049955
0.179629
0.135666
0.61764
0.360959
0.300205
0.447718
0.346861
1.239788
0.076005
0.099428
0.156418
0.327159
0.280288
0.097521
0.191733
0.148382
0.131903
0.339324
0.222896
0.112425
0.25952
0.080362
0.082938
0.585915
0.082151
0.207273
0.326609
0.09623
0.173587
0.077679
0.381609
0.102178
0.188667
0.139224
0.145535
0.486433
0.303246
0.510909
0.264685
0.146815
0.065587
0.373081
0.368706
0.319532
0.294164
0.220311
1.01304
0.06792
0.165979
0.110808
0.06229
0.24866
0.27113
0.317651
0.439673
0.23824
0.574837
0.013065
0.079031
0.060102
0.223917
0.150512
0.105984
0.305613
0.224595
1.513804
0.2628
0.076819
0.360738
0.230284
0.182901
0.168686
0.179804
0.06054
0.532659
0.753815
0.052081
0.112571
0.184649
0.14427
0.148422
0.04142
0.026598
0.070274
0.353065
0.068493
0.71807
0.340628
0.05751
0.060298
0.128181
0.094398
0.555206
0.701047
0.216865
0.080627
0.129124
0.2543
0.143714
0.297317
0.520867
0.11655
0.776394
0.035276
0.716057
0.695449
0.18533
0.412827
0.063113
0.030263
0.245053
0.187705
0.138652
0.202144
0.220839
0.014369
0.330173
0.21669
0.396824
0.21283
0.362831
0.18919
0.123056
0.198841
0.299817
0.066763
0.023666
0.151234
0.354271
0.446346
0.501059
0.110194
0.180034
0.216215
0.220784
0.020654
0.098371
0.028396
0.089831
0.303229
0.068691
0.106682
0.290227
0.196719
0.046492
0.108446
0.144901
0.266476
0.99483
0.160497
0.08571
0.144319
0.100136
0.059032
0.430656
0.079462
0.167054
0.688348
0.433489
0.158126
0.627541
0.145058
0.106751
0.271631
0.126689
0.305152
0.151434
0.316312
0.139725
0.04606
0.308252
0.051036
0.034353
0.069758
0.189497
0.340211
0.053067
0.04638
0.197509
0.168368
0.060804
0.24343
0.188661
0.271452
0.127735
0.223526
0.254343
0.395589
0.109425
0.175215
0.095637
0.55115
0.249872
0.103204
0.046885
0.340747
0.06679
0.27828
0.105871
0.220671
0.268927
0.354466
0.188334
0.502667
0.180443
0.712309
0.247609
0.410078
0.177688
0.215062
0.058206
0.086915
0.45743
0.193443
0.287508
0.239193
0.196489
0.303258
0.527118
0.325761
0.054224
0.067373
0.37864
0.06194
0.047817
0.078371
0.185803
0.061747
0.196307
0.377911
0.106452
0.11661
0.242937
0.110759
0.431863
0.030128
0.084387
0.519448
0.27992
0.179738
0.05446
0.020125
0.157831
0.045329
0.195009
0.084743
0.113526
0.610495
0.052978
0.035279
0.236825
0.053111
0.27979
0.277864
0.185214
0.256894
0.048735
1.211123
0.451848
0.206091
0.060144
0.38459
0.288969
0.328059
0.126276
0.222679
0.171798
0.260425
0.273143
0.368343
0.492156
0.03823
0.441739
0.411736
0.240628
0.138631
0.275471
0.173076
0.482612
0.034088
0.34524
0.270276
0.131748
0.225311
0.041426
0.013754
0.082241
0.098347
0.090836
0.072868
0.074769
0.116029
0.342281
0.052816
0.084103
0.286063
0.390864
0.091338
0.218624
1.027471
0.41887
0.161261
0.464161
0.118542
0.10556
0.20986
0.093682
0.384806
0.089516
0.049042
0.473977
0.356669
0.170767
0.158946
0.091496
0.440006
0.018156
0.041146
0.140213
0.05701
0.104663
0.035602
0.024871
0.282801
0.160198
0.088419
0.557382
0.065302
0.071544
0.62514
0.048745
0.1567
0.278675
0.297767
0.335587
0.254483
0.061591
0.062794
0.153683
0.093369
0.164829
0.091915
0.205559
0.506743
0.107095
0.655285
0.31593
0.193646
0.078231
0.186273
0.136974
0.066815
0.23062
0.12284
0.299513
0.016945
0.151292
0.127848
0.014585
0.089837
0.206454
0.363809
0.153236
0.020615
0.212823
0.423025
0.115807
0.090459
0.068562
0.525836
0.079351
0.055637
0.626878
0.161384
0.159992
0.143412
0.366327
0.366175
0.141188
0.338658
0.186661
0.327787
0.233296
0.168501
0.524441
0.064783
0.055453
0.054922
0.277574
0.35219
0.618443
0.42782
0.009193
0.187614
0.200448
0.124326
0.816379
0.074517
0.206972
0.267937
0.094176
0.287152
0.196749
0.131268
0.075277
0.241184
0.227869
0.157131
0.201548
0.15096
0.231685
0.179907
0.071133
0.585035
0.027835
0.114261
0.238257
0.253508
0.151336
0.091775
0.435013
0.317228
0.078194
0.05772
0.157702
0.534892
0.151687
0.185072
0.275754
0.21145
0.263168
0.160393
0.115041
0.236521
0.312695
0.2352
0.128336
0.140847
0.162745
0.135968
0.13776
0.573917
0.608625
0.197857
0.355717
0.126658
0.284002
0.010636
0.173727
0.052144
0.078116
0.091554
0.075652
0.099834
0.693087
0.223759
0.574077
0.250564
0.141829
0.011903
0.089587
0.194434
0.022417
0.348535
0.069474
0.054371
0.108205
0.128891
0.099669
0.23173
0.128225
0.118822
0.169216
0.102534
0.112052
0.091988
0.230112
0.261085
0.128423
0.183242
0.170927
0.245287
0.270886
0.031386
0.335579
0.469497
0.095262
0.102825
0.272188
0.025144
0.162225
0.994576
0.076434
0.197762
0.21373
0.41515
0.058112
0.270785
0.18723
0.14646
0.197031
0.230343
0.062351
0.22558
0.198466
0.345143
0.112337
0.356139
0.294923
0.148845
0.326473
0.410819
0.451056
0.140504
0.722645
0.265066
0.388964
0.043152
0.054889
0.007418
0.494442
0.274777
0.13626
0.171293
0.051365
0.137577
0.336153
0.744451
0.27048
0.074414
0.116035
0.145852
0.341938
0.084893
0.347624
0.2269
0.216824
0.684662
0.403223
0.579026
0.106496
0.129498
0.144674
0.316048
0.085696
0.310958
0.214763
0.521146
0.143557
0.378649
0.177015
0.676005
0.052427
0.311554
0.092161
0.140518
0.100516
0.298455
0.159998
0.049364
0.243942
0.294601
0.113165
0.245224
0.079119
0.586483
0.338578
0.078709
0.676072
0.072173
0.125407
0.254964
0.213392
0.18802
0.46235
0.574629
0.067371
0.37917
0.366228
0.337972
0.245538
0.310376
0.050378
0.10462
0.432819
0.239241
0.391617
0.151325
0.104922
0.130617
0.091579
0.156916
0.337321
0.168867
0.104077
0.058356
0.222164
0.145962
0.04611
0.007249
0.448162
0.129917
0.27238
0.205844
0.033383
0.078028
0.243518
0.064234
0.112079
0.334066
0.20152
0.197095
0.262088
0.195555
0.115606
0.130456
0.31429
0.162534
0.109333
0.214462
0.16222
0.070331
0.196772
0.051956
0.091638
0.529317
0.210344
0.040406
0.028101
0.18941
0.14893
0.025738
0.05481
0.028563
0.156599
0.028072
0.112306
0.064116
0.170318
0.103523
0.351381
0.133069
0.323621
0.065901
0.066254
0.161605
0.381117
0.061468
0.012904
0.405996
0.508562
0.071522
0.246952
0.220601
0.420105
0.210627
0.101647
0.446273
0.177651
0.235994
0.8465
0.037627
0.219109
0.349531
0.038872
0.201527
0.105299
0.018438
0.355962
0.16954
0.266913
0.443034
0.210953
0.173027
0.047402
0.239842
0.115022
0.291767
0.126968
0.05078
0.25479
0.098016
0.043628
0.603334
0.065148
0.04752
0.033635
0.215665
0.163622
0.22474
0.308417
0.192862
0.099078
0.549404
0.150804
0.147585
0.342698
0.601343
0.319343
0.170386
0.048484
0.366039
0.222958
0.104357
0.342611
0.07982
0.033407
0.069112
0.150849
0.183649
0.434773
0.096906
0.181109
0.51625
0.268096
0.211565
0.043482
0.14933
0.06716
0.320221
0.147481
0.122545
0.096895
0.279805
0.126273
0.221518
0.219401
0.119597
0.126211
0.788039
0.043135
0.402153
0.181047
0.281852
0.252173
0.073804
0.177989
0.196217
0.260462
0.259815
0.214794
0.182662
0.095613
0.27663
0.138616
0.350169
0.170929
0.068979
0.274551
0.5505
0.60486
0.410037
0.049599
0.161447
0.301688
0.055872
0.123894
0.014877
0.067084
0.257964
0.106573
0.33485
0.125189
0.084324
0.225401
0.140785
0.881232
0.136082
0.400799
0.248862
0.417587
0.140978
0.189394
0.372456
0.363709
0.128515
0.19817
0.759879
0.146013
0.719239
0.067421
0.375118
0.115134
0.288142
0.190888
0.21362
0.187406
0.250176
0.094104
0.162238
0.344792
0.492671
0.107148
0.431751
0.224462
0.157789
0.093428
0.245946
0.717411
0.393382
0.42496
0.447053
0.078707
0.037138
0.236454
0.150328
0.41391
0.078232
0.137292
0.155483
0.519806
0.081172
0.397989
0.050588
0.139613
0.334726
0.13946
0.265232
0.244669
0.078062
0.255605
0.105141
0.173762
0.140167
0.043025
0.275307
0.200707
0.373707
0.135509
0.007927
0.286521
0.153028
0.392637
0.020429
0.180141
0.411918
0.040768
0.249053
0.266538
0.081078
0.307157
0.087635
0.546091
0.036895
0.753936
0.493261
0.130442
0.042641
0.023629
0.062193
0.13207
0.083252
0.284915
0.149131
0.285605
0.304946
0.415735
0.264847
0.209884
0.097065
0.104022
0.181969
0.343426
0.12993
0.283181
0.175711
0.667791
0.075424
0.544528
0.454687
0.227864
0.262335
0.141175
0.060156
0.153379
0.196293
0.200397
0.0967
0.090053
0.202966
0.153332
0.169267
0.226187
0.171313
0.213059
0.505324
0.713056
0.113496
0.193734
0.043663
0.292862
0.13374
0.007978
0.390416
0.065057
0.110587
0.221205
0.10687
0.356352
0.472344
0.582987
0.113796
0.254516
0.227431
0.180083
0.033654
0.589167
0.433561
0.114088
0.243716
0.193836
0.240746
0.427155
0.111046
0.179002
0.236621
0.55589
0.013905
0.056549
0.162909
0.030708
0.353147
0.439789
0.333984
0.180757
0.421726
0.179321
0.038983
0.028069
0.369691
0.2291
0.249002
0.421296
0.058366
0.040239
0.240071
0.119339
0.137415
0.222401
0.298883
0.180135
0.045157
0.2136
0.070964
0.186399
0.774903
0.169242
0.053014
0.087043
0.570708
0.125005
0.06705
0.306575
0.394468
0.420931
0.137273
0.175409
0.110682
0.217142
0.154893
0.29505
0.028004
0.061221
0.118271
0.111325
0.025902
0.058516
0.328745
0.038599
0.189315
0.183893
0.368397
0.07731
0.150294
0.298673
0.039063
0.393831
0.04702
0.377336
0.154029
0.127772
0.703587
1.384674
0.189117
0.082039
0.054287
0.072279
0.107095
0.218457
1.071752
0.28449
0.789234
0.04926
0.359724
0.297073
0.036908
0.084701
0.099044
0.142435
0.18411
0.108574
0.39314
0.161661
0.231997
0.118887
0.202677
0.058975
0.117871
0.137695
0.073659
0.066468
0.096318
0.057065
0.355771
0.35602
0.331279
0.167381
0.07789
0.112342
0.181174
0.424046
0.863283
0.247392
0.052242
0.072228
0.29826
0.531131
0.225745
0.096339
0.212012
0.26026
0.092015
0.145745
0.047924
0.09319
0.142336
0.179281
0.101022
0.064705
0.171923
0.146574
0.221551
0.337012
0.134099
0.256069
0.23267
0.051386
0.316866
0.055177
0.536794
0.184894
0.133835
0.113283
0.119943
0.12673
0.181013
0.08927
0.362156
0.56423
0.142012
0.318431
0.208668
0.053503
0.095934
0.237039
0.293304
0.6133
0.218901
0.323438
0.475496
0.456423
0.391965
0.022921
0.218875
0.274817
0.186911
0.271028
0.186416
0.404634
0.315116
0.083901
0.067952
0.237795
0.105399
0.276445
0.181778
0.366787
0.050569
0.34804
0.172453
0.057572
0.119353
0.2208
0.226335
0.542613
0.124234
0.75571
0.303398
0.532449
0.473768
0.258443
0.476516
0.024136
0.331666
0.34343
0.682224
0.093285
0.045501
0.362477
0.066334
0.114968
0.025153
0.135893
0.440156
0.176337
0.081567
0.141401
0.138122
0.036099
0.514614
0.287342
0.08072
0.748897
0.430283
0.226254
0.111517
0.305664
0.04131
0.680437
0.361417
0.117204
0.32424
0.18975
0.177103
0.007028
0.180081
0.039877
0.15152
0.26155
0.208721
0.072223
0.069711
0.051522
0.152698
0.082373
0.780612
0.1829
0.318083
0.119807
0.061103
0.375902
0.131133
0.135974
0.120807
0.237123
0.089626
0.293675
0.231302
0.213482
0.131084
0.137441
0.046892
0.156469
0.195867
0.149238
0.078818
0.240129
0.27157
0.206322
0.082066
0.530037
0.146996
0.485923
0.06166
0.117611
0.788326
0.103322
0.282307
0.381295
0.212202
0.10873
0.692022
0.391322
0.025366
0.126358
0.267673
0.441418
0.262994
0.948228
0.365713
0.350885
0.244684
0.248765
0.189703
0.350504
0.083496
0.171439
0.048069
0.251283
0.722059
0.36387
0.212187
0.140417
0.150268
0.209943
0.169007
0.086517
0.190902
0.047508
0.19168
0.347448
0.148483
0.041197
0.138326
0.226474
0.068667
0.502717
0.064001
0.044218
0.136061
0.077959
0.093015
0.102544
0.335074
0.170581
0.126507
0.080698
0.189775
0.381081
0.049573
0.067322
0.116431
0.310403
0.04585
0.381889
0.397017
0.037059
0.501282
0.169749
0.105706
0.446151
0.150997
0.322202
0.372362
0.383861
0.254163
0.114025
0.421561
0.033764
0.112081
0.227792
0.058177
0.031123
0.29934
0.076057
0.319363
0.557531
0.059196
0.321364
0.239022
0.157633
0.18345
0.182197
0.39133
0.068779
0.146094
0.120656
0.289068
0.158014
0.137475
0.098401
0.212353
0.017957
0.296969
0.172807
0.221342
0.169767
0.229183
0.23845
0.170605
0.045998
0.093818
0.22618
0.138474
0.798366
0.318581
0.103031
0.151486
0.499962
0.195783
0.463816
1.097381
0.982
0.259836
0.093189
0.207291
0.049926
0.33837
0.119389
0.113563
0.28271
0.089672
0.094375
0.055399
0.03163
0.780242
0.209677
0.301555
0.216166
0.157383
0.143042
0.346366
0.104621
0.429979
0.26578
0.094471
0.368444
0.225284
0.1362
0.072593
0.120476
0.233349
0.252396
0.097428
0.24018
0.229751
0.248132
0.236407
0.149498
0.380727
0.181839
0.123755
0.599227
0.239262
0.054983
0.095457
0.073282
0.357333
0.065046
0.096226
0.137212
0.605824
0.287362
0.343188
0.300504
0.189793
0.309405
0.156074
0.321579
0.105975
0.061643
0.240895
0.364317
0.362772
0.098427
0.085631
0.08515
0.036988
0.035429
0.22223
0.10301
0.352916
0.155809
0.124254
0.411582
0.051106
0.194254
0.496338
0.055819
0.254641
0.207357
0.164879
0.102944
0.061801
0.101232
0.128632
0.136297
0.149078
0.532537
0.133205
0.831818
0.066511
0.077899
0.120702
0.257931
0.455813
0.210398
0.347441
0.343503
0.476188
0.16294
0.083586
0.11469
0.036993
0.17443
0.480064
0.049589
0.939405
0.044317
0.148041
0.064003
0.148055
0.159024
0.255676
0.374635
0.080045
0.282466
0.111821
0.030667
0.109303
0.550092
0.192222
0.042595
0.090941
0.103226
0.190064
0.276452
0.216013
0.075628
0.10481
0.204574
0.754186
0.067473
0.107212
0.474969
0.249216
0.028622
0.109087
0.101667
0.059336
0.42291
0.619941
0.368895
0.179374
0.361773
0.39384
0.286007
0.110896
0.125672
0.123001
0.082727
0.023938
0.048108
0.085383
0.553116
0.186827
0.414683
0.09468
0.387882
0.342316
0.01575
0.474647
0.204202
0.125769
0.036813
0.218381
0.119133
0.072828
0.085203
0.306279
0.258668
0.187486
0.018633
0.35523
0.183842
0.112526
0.511811
0.337662
0.073451
0.071742
0.234081
0.137053
0.096499
0.165389
0.480721
0.190648
0.145236
0.153664
0.172331
0.204547
0.212137
0.289478
0.149321
0.182014
0.240003
0.314202
1.050451
0.52187
0.127435
0.422529
0.066135
0.052562
0.306247
0.131617
0.062124
0.055553
0.256646
0.064607
0.094973
0.205051
0.06236
0.207728
0.19864
0.436483
0.551111
0.07554
0.034109
0.094819
0.087712
0.088878
0.175607
0.124646
0.102419
0.381045
0.078241
0.060996
0.199049
0.086737
0.024566
0.240826
0.359866
0.253449
0.03249
0.254301
0.175789
0.172085
0.064596
0.171364
0.263835
0.104102
0.369148
0.250799
0.22262
0.012604
0.163289
0.223692
0.875413
0.236206
0.077476
0.285318
0.053705
0.281451
0.054439
0.687123
0.180884
0.076741
0.506936
0.429457
0.271988
0.003692
0.385401
0.116344
0.150711
0.197568
0.008674
0.12128
0.274788
0.031988
0.197817
0.18369
0.540976
0.284749
0.213978
0.094299
0.287447
0.103292
0.212181
1.362633
0.286347
0.26357
0.098916
0.144871
0.503181
0.073609
0.302636
0.542379
0.235251
0.665318
0.015663
0.034174
0.018251
0.233415
0.364107
0.260122
0.273107
0.214456
0.174865
0.096733
0.472151
0.174994
0.051854
0.077745
0.340573
0.074267
0.255848
0.353852
0.109238
0.322831
0.186572
0.409062
0.186909
0.460055
0.729701
0.045089
0.33136
0.07638
0.109856
0.053489
0.102425
0.054747
0.118654
0.088101
0.205835
0.060382
0.043026
0.093517
0.52623
0.142282
0.275137
0.159766
0.024454
0.580309
0.042253
0.140075
0.230719
0.190068
0.122016
0.474243
0.087121
0.204919
0.177329
0.055765
0.391653
0.230441
0.19542
0.578883
0.367429
0.380012
0.248249
0.0968
0.286802
0.388391
0.188215
0.089505
0.221587
0.023049
0.23921
0.109975
0.186646
0.384715
0.047357
0.011357
0.066246
0.163308
0.014527
0.250003
0.160481
0.200557
0.11423
0.542327
0.289054
0.140261
0.022427
0.098154
0.096694
0.198261
0.134548
0.081832
0.556631
0.185673
0.417626
0.057108
0.037446
0.200188
0.183529
0.361327
0.213594
0.049483
0.081475
0.107181
0.186105
0.266536
0.024622
0.059794
0.329721
0.153035
0.126662
