0.503495
0.261135
0.410866
0.30466
0.030077
0.335498
0.116831
0.143019
0.179165
0.102635
0.14905
0.245876
0.230498
0.824534
0.133552
0.102067
0.336841
0.334841
0.872685
0.098286
0.109997
0.080305
0.191454
0.192388
0.451231
0.455873
0.403191
0.120697
0.181655
0.323059
0.396212
0.302901
0.035947
0.163751
0.01789
0.013144
0.378148
0.178539
0.143051
0.185644
0.256862
0.190266
0.126855
0.061213
0.077374
0.117428
0.088727
0.227147
0.147731
0.060012
0.14124
0.107091
0.04678
0.57262
0.039603
0.310771
0.252959
0.192778
0.441777
0.140633
0.564707
0.138746
0.341145
0.057411
0.092476
0.122807
0.06991
0.328648
0.410433
0.425401
0.583329
0.046926
0.092356
0.16744
0.889705
0.304814
0.379143
0.088899
0.304703
0.104569
0.317864
0.299974
0.149712
0.165404
0.042746
0.692038
0.366816
0.888377
0.018767
0.400724
0.103246
0.173553
0.477811
0.166107
0.064724
0.543136
0.105042
0.039812
0.169952
0.154588
0.646632
0.094685
0.087722
0.187772
0.186149
0.269275
0.108532
0.132626
0.175421
0.164656
0.060608
0.215868
0.253296
0.082691
0.106267
0.292937
0.130869
0.211676
0.228389
0.422687
0.215415
0.129155
0.10597
0.568063
0.280835
0.478817
0.036748
0.911867
0.420769
0.385653
0.345961
0.020245
0.226343
0.033996
0.210819
0.028132
0.117451
0.073086
0.070547
0.142891
0.088651
0.197674
0.062747
0.267082
0.10378
0.144555
0.122889
0.257905
0.198086
0.183388
0.17344
0.125726
0.264285
0.484523
0.310738
0.163789
0.177793
0.152554
0.278751
0.072381
0.260698
0.145943
0.118517
0.041256
0.396188
0.047702
0.040383
0.349577
0.028274
0.399256
0.044995
0.018673
0.560185
0.505024
0.103256
0.106499
0.097762
0.055646
0.076216
0.119585
0.075031
0.203837
0.063316
0.11116
0.029359
0.240623
0.125941
0.444018
0.044558
0.03454
0.614396
0.226199
0.248225
0.025236
0.213888
0.080836
0.102417
0.175019
0.155433
0.177941
0.301384
0.183977
0.244324
0.088454
0.192926
1.235348
0.259897
0.158752
0.14562
0.075489
0.17579
0.062442
0.269799
0.205067
0.320954
0.181813
0.182813
0.13769
0.199898
0.061336
0.207967
0.519097
0.076644
0.0363
0.314683
0.040539
0.250238
0.500463
0.200028
0.168358
0.124894
0.139422
0.268705
0.061721
0.103265
0.213113
0.099703
0.383353
0.056419
0.415971
0.373346
0.465077
0.065163
0.265955
0.623889
0.417262
0.480612
0.063194
0.655918
0.37246
0.245762
0.097487
0.213042
0.273243
0.686117
0.468258
0.01545
0.070186
0.448956
0.306914
0.021444
0.035379
0.090432
0.046396
0.247818
0.158035
0.226483
0.114584
0.22655
0.200381
0.076633
0.460344
0.458729
0.038423
0.286077
0.179374
0.201955
0.203687
0.096936
0.087809
0.423269
0.454194
0.17242
0.416828
0.201846
0.006964
0.297474
0.058507
0.101228
0.066179
0.134312
0.536993
0.200555
0.169278
0.194351
0.309883
0.429994
0.16053
0.158632
1.123901
0.258913
0.22276
0.485215
0.102815
0.128324
0.058713
0.125787
0.405941
0.261823
0.116454
0.094785
0.259751
0.317815
0.103143
0.131989
0.163294
0.15922
0.051631
0.168157
0.142028
0.113128
0.076745
0.054705
0.385804
0.327671
0.041554
0.310167
0.24508
0.068877
0.100824
0.023487
0.136053
0.125638
0.023269
0.114911
0.215023
0.06838
0.22284
0.022761
0.257446
0.189251
0.223588
0.557496
0.064917
0.152388
0.005193
0.062767
0.344455
0.081647
0.183695
0.139536
0.13569
0.177838
0.081627
0.119596
0.24084
0.334541
0.084655
0.26587
0.113563
0.217722
0.119866
0.233309
0.219247
0.098155
0.311013
0.055092
0.117757
0.144898
0.036505
0.070172
0.071929
0.586335
0.239785
0.195145
0.133597
0.209029
0.276201
0.237099
0.045933
0.107933
0.387826
0.024101
0.12347
0.36176
0.222354
0.123403
0.33458
0.010812
0.131539
0.936984
0.396565
0.244573
0.198768
0.062848
0.305181
0.192207
0.094634
0.254072
0.398492
0.211287
0.158728
0.105978
0.519666
0.327229
0.272089
0.33558
0.614724
0.38853
0.052144
0.184729
0.446847
0.72417
0.49339
0.268569
0.514804
0.073811
0.252511
0.034509
0.144165
0.118768
0.430476
0.23173
0.483673
0.047579
0.128246
0.15168
0.051203
0.115026
0.121947
0.132312
0.586513
0.070192
0.05391
0.052043
0.049569
0.063831
0.080354
0.120065
0.089823
0.236089
0.071339
0.586286
0.099413
0.063818
0.084419
0.133671
0.010464
0.364488
0.034456
0.165617
0.217417
0.165215
0.228097
0.274729
0.176453
0.060306
0.571969
0.732523
0.461508
0.620031
0.114121
0.069401
0.068051
0.021296
0.632602
0.214893
0.251117
0.110008
0.285372
0.269372
0.343622
0.158887
0.065862
0.234976
0.262719
0.295325
0.13194
0.029829
0.372661
0.147322
0.158663
0.0905
0.179474
0.364171
0.301147
0.443518
0.100833
0.416595
0.370878
0.438456
0.20107
0.31108
0.059063
0.371779
0.114971
0.234379
0.321062
0.183435
0.811814
0.50306
0.037379
0.075844
0.220694
0.207514
0.158709
0.186176
0.288195
0.504847
0.038142
0.385913
0.986335
0.231635
0.241657
0.093266
0.783564
0.449565
0.124769
0.916991
0.220481
0.023847
0.137091
0.150386
0.291636
0.024811
0.126971
0.394989
0.087006
0.379616
0.082756
0.215387
0.084815
0.162004
0.166559
0.620779
0.22253
0.149329
0.097451
0.397434
0.246047
0.212521
0.17526
0.179941
0.266653
0.163833
0.183956
0.037744
0.105335
0.148379
0.11284
0.404905
0.105326
0.096862
0.364977
0.342062
0.348966
0.207692
0.053362
0.460334
0.07864
0.321636
0.075197
0.063435
0.243127
0.426296
0.134153
0.321182
0.262891
0.071171
0.062867
0.12991
0.101806
0.093329
0.29282
0.406918
0.228408
0.858746
0.442925
0.434724
0.206361
0.220305
0.13229
0.402082
0.137125
0.044504
0.356393
0.302098
0.232344
0.160511
0.223226
0.392684
0.047525
0.368297
0.143005
0.082465
0.269488
0.02195
0.400701
0.082779
0.109862
0.206627
0.205981
0.186805
0.43262
0.202151
0.337204
0.268017
0.236546
0.146526
0.333828
0.054339
0.171962
0.334902
0.337043
0.192199
0.106774
0.155054
0.077602
0.146805
0.234395
0.285202
0.606433
0.089321
0.140874
0.140166
0.082994
0.402086
0.09269
0.20056
0.090029
0.156285
0.359343
0.398517
0.056186
0.046008
0.190213
0.371518
0.006278
0.587026
0.271947
0.683477
0.349103
0.101479
0.10972
0.078035
0.28253
0.052369
0.297644
0.131218
0.020342
0.366681
0.138106
0.524579
0.043289
0.159239
0.154708
0.189269
0.246342
0.151248
0.234764
0.21382
0.116943
0.17254
0.142257
0.050988
0.141813
0.008206
0.1833
0.216466
0.196466
0.007502
0.070369
0.0814
0.092073
0.163089
0.124668
0.638897
0.686932
0.081812
0.163942
0.199367
0.073623
0.282515
0.075828
0.245588
0.334472
0.214975
0.114742
0.064989
0.568051
0.150882
0.243861
0.066874
0.076152
0.042899
0.094764
0.306571
0.170488
0.351286
0.252499
0.237117
0.268756
0.210625
0.105093
0.065906
0.175108
0.193779
0.093206
0.131654
0.114305
0.150947
0.425235
1.224848
0.190225
0.110797
0.071581
0.087186
0.341162
0.338219
0.079096
0.059799
0.589068
0.034706
0.28083
0.044728
0.246557
0.190352
0.048589
0.193411
0.098543
0.064381
0.105563
0.441934
0.123599
0.082598
0.304009
0.091119
0.232676
0.50335
0.062376
0.144201
0.471163
0.431843
0.264243
0.138085
0.121606
0.394534
0.088405
0.18445
0.297835
0.355368
0.160444
0.021383
0.728442
0.080389
0.474915
0.282202
0.062727
0.138784
0.040435
0.214919
0.09817
0.145288
0.930737
0.212805
0.186407
0.31544
0.717839
0.062063
0.251606
0.296443
0.241997
0.402309
0.520143
0.244072
0.357417
0.226766
0.063077
0.30596
0.461112
0.260454
0.263733
0.184291
0.167089
0.148253
0.287588
0.036863
0.471326
0.239781
0.130725
0.140658
0.553547
0.224168
0.211344
0.177984
0.140453
0.628089
0.132315
0.052489
0.307455
0.05156
0.190713
0.290287
0.142327
0.180734
0.294152
0.357168
0.176375
0.095456
0.064734
0.213261
0.099058
0.228162
0.403895
0.117026
0.385473
0.317979
0.438807
0.045282
0.088425
0.734542
0.474385
0.139471
0.068969
0.399739
0.404245
0.55834
0.069673
0.238137
0.092984
0.224591
0.27042
0.165205
0.069409
0.296404
0.136089
0.169081
0.038357
0.083542
0.163528
0.161709
0.354014
0.057354
0.294993
0.023524
0.23952
0.094932
0.664105
0.289723
0.347678
0.161279
0.158168
0.250374
0.199945
0.18441
0.055659
0.140014
0.341072
0.185368
0.154477
0.071922
0.035392
0.34569
0.121996
0.071482
0.070765
0.286935
0.378589
0.04039
0.084041
0.012638
0.375218
0.07112
0.52932
0.092294
0.460517
0.16281
0.318952
0.116571
0.289498
0.178495
0.067238
0.02536
0.067024
0.268723
0.359537
0.137074
0.156638
0.291724
0.012709
0.203333
0.195419
0.139832
0.060408
0.10817
0.221086
0.176583
0.185353
0.242875
0.039592
0.352722
0.034815
1.065601
0.061716
0.106062
0.258144
0.19535
0.160459
0.223005
0.064342
0.025466
0.415045
0.192733
0.052189
0.060526
0.216197
0.240842
0.24142
0.114556
0.631123
0.417166
0.34382
0.3761
0.055648
0.330119
0.154915
0.212307
0.44908
0.091103
0.02562
0.117857
0.061106
0.457091
0.019501
0.089291
0.212715
0.134039
0.101294
0.141685
0.244718
0.177574
0.032115
0.165999
0.096398
0.410017
0.161991
0.102978
0.230146
0.273755
0.529081
0.0371
0.120907
0.363243
0.315661
0.071463
0.309175
0.117736
0.12889
0.251659
0.103057
0.248851
0.205492
0.098962
0.097182
0.423365
0.069576
0.440732
0.127905
0.593392
0.040954
0.2268
0.482855
0.081475
0.025799
0.046361
0.388464
0.188075
0.197451
0.091151
0.017983
0.103442
0.098537
0.113571
0.087863
0.064999
0.171174
0.256698
0.189299
0.119102
0.024593
0.222028
0.11631
0.699513
0.06671
0.499633
0.294765
0.196796
0.041162
0.470364
0.236352
0.142912
0.339642
0.328072
0.201831
0.158383
0.252328
0.149178
0.689649
0.125967
0.210306
0.014229
0.084461
0.032046
0.159756
0.158832
0.060962
0.152793
0.418917
0.035558
0.306698
0.291678
0.170618
0.463824
0.33383
0.270517
0.304533
0.172005
0.086811
0.051066
0.074673
0.375687
0.137918
0.711852
0.15815
0.483906
0.146261
0.30275
0.5361
0.215572
0.63116
0.113186
0.247569
0.087254
0.510868
0.137961
0.247104
0.216288
0.156634
0.203477
0.109536
0.319095
0.440099
0.340604
0.139169
0.035713
0.074478
0.424275
0.098169
0.092684
0.081043
0.16386
0.176885
0.224545
0.511092
0.183513
0.068303
0.310199
0.316581
0.422764
0.191988
0.073861
0.489698
0.020772
0.056745
0.075312
0.370485
0.203684
0.125857
0.270021
0.126355
0.020113
0.113341
0.013799
0.163792
0.148888
0.496422
0.145232
0.197372
0.164648
0.166421
0.39634
0.057118
0.031181
0.080818
0.827577
0.270795
0.06634
0.204585
0.514759
0.466215
0.384862
0.270957
0.060162
0.060329
0.219366
0.031324
0.131464
0.03078
0.20603
0.187178
0.111604
0.139896
0.07743
0.141719
0.163746
0.101204
0.446207
0.119461
0.350667
0.32963
0.064814
0.099494
0.359907
0.386433
0.133648
0.107488
0.093778
0.106186
0.11868
0.086701
0.228328
0.217832
0.070814
0.375356
1.366649
0.688685
0.099395
0.870637
0.140776
0.097575
0.284378
0.4672
0.111541
0.049949
0.37816
0.053137
0.051088
0.676319
0.130406
0.236773
0.456579
0.063892
0.497759
0.172787
0.268094
0.093067
0.272748
0.262433
0.416237
0.129408
0.030464
0.215732
0.0739
0.369283
0.131657
0.138865
0.125277
0.195775
0.31607
0.070236
0.230081
0.316507
0.123376
0.129146
0.125192
0.252254
0.199367
0.386325
0.094841
0.176253
0.209047
0.0945
0.128004
0.165544
0.125483
0.112831
0.440471
0.031288
0.017654
0.394757
0.287802
0.035247
0.47457
0.02168
0.174576
0.132507
0.334172
0.285664
0.097219
0.248212
0.095552
0.206563
0.671182
0.304434
0.11297
0.160347
0.204881
0.152097
0.103476
0.105178
0.515332
0.240113
0.197182
0.258407
0.248281
0.160811
0.364248
0.094521
0.136321
0.115628
0.116311
0.468756
0.274399
0.023604
0.05272
0.173363
0.074111
0.242823
0.249604
0.145124
0.419801
0.473107
0.094292
0.689143
0.095707
0.138675
0.420388
0.497052
0.361282
0.074564
0.159006
0.236957
0.261974
0.069592
0.25357
0.067006
0.136372
0.094773
0.050056
0.135324
0.300086
0.087249
0.12517
0.350396
0.060349
0.365431
0.049772
0.272218
0.044917
0.579535
0.373675
0.027071
0.285128
0.078652
0.818884
0.315215
0.336082
0.216348
0.578339
0.715266
0.42969
0.304203
0.290801
0.105336
0.018713
0.665962
0.148852
0.165384
0.043281
0.344249
0.286352
0.346265
0.210093
0.131564
0.331404
0.275803
0.179678
0.532584
0.21716
0.205847
0.227394
0.093661
0.06899
0.267161
0.268253
0.074056
0.05779
0.476599
0.298035
0.071534
0.364061
0.195056
0.358441
0.072451
0.300947
0.324963
0.203231
0.150142
0.465846
0.138958
0.058301
0.462412
0.251625
0.048033
1.112078
0.452302
0.183774
0.342406
0.234701
0.309755
0.211546
0.280788
0.035387
0.156098
0.264327
0.077837
0.13703
0.240881
0.053607
0.059867
0.429092
1.188475
0.038876
0.159513
0.346086
0.3544
0.011214
0.119213
0.209565
0.085164
0.203905
0.161336
0.267807
0.113377
0.138468
0.21017
0.192047
0.470954
0.115866
0.153643
0.159209
0.17835
0.297153
0.184328
0.129433
0.09567
0.508262
0.64581
0.071798
0.189316
0.115
0.186666
0.156343
0.058605
0.343028
0.155741
0.168944
0.068365
0.075683
0.128364
0.094263
0.121313
0.075147
0.337656
0.385234
0.033896
0.144048
0.298174
0.15418
0.097185
0.768907
0.041808
0.054062
0.765373
0.422832
0.11981
0.055784
0.603399
0.465151
0.300857
0.965707
0.171603
0.07759
0.214712
0.187211
0.152672
0.226012
0.055664
0.093825
0.057152
0.094097
0.194984
0.153049
0.144836
0.497278
0.177467
0.085752
0.15612
0.230474
0.110566
0.450332
0.138847
0.533103
0.462218
0.155858
0.097243
0.027837
0.357295
0.317035
0.15606
0.225502
0.287625
0.118188
0.199433
0.326178
0.364625
0.392185
0.020293
0.25065
0.408216
0.537242
0.393241
0.037988
0.346563
0.201413
0.023839
0.17633
0.324612
0.305069
0.051559
0.057516
0.234985
0.368282
0.146784
0.472821
0.301762
0.073863
0.089082
0.089444
0.246457
0.208569
0.125471
0.068857
0.089654
0.115196
0.255161
0.361309
0.075739
0.035917
0.064011
0.110056
0.381684
0.300891
0.169833
0.308941
0.489825
0.080336
0.334991
0.327086
0.459525
0.072084
0.041179
0.352538
0.317522
0.436338
0.266582
0.165151
0.216544
0.047557
0.442312
0.526471
0.129903
0.162686
0.152292
0.352005
0.086616
0.176775
0.392275
0.169602
0.137673
0.279831
0.078664
0.144869
0.075107
0.215419
0.22289
0.038303
0.373609
0.064709
0.243291
0.046812
0.232701
0.079061
0.241015
0.529282
0.045714
0.091318
0.342461
0.159493
0.078185
0.191892
0.063052
0.419047
0.145281
0.149362
0.193524
0.066965
0.380689
0.389315
0.175173
0.043072
0.229335
0.229434
0.220969
0.135812
0.153402
0.210294
0.402174
0.030924
0.192907
0.232701
1.131377
0.258633
0.047356
0.12889
0.151029
0.215835
0.315847
0.277628
0.200655
0.368154
0.070836
0.224744
0.268422
0.108668
0.104945
0.300725
0.19203
0.037799
0.143139
0.414942
0.443677
0.129684
0.082613
0.071694
0.07967
0.036743
0.05707
0.452815
0.216276
0.231759
0.372922
0.199554
0.646467
0.102296
0.04273
0.138913
0.19785
0.31405
0.449509
0.342552
0.722433
0.087485
0.139786
0.114153
0.169759
0.159625
0.222727
0.118152
0.104422
0.208211
0.18072
0.148796
0.215923
0.131352
0.387856
0.593959
0.057263
0.203494
0.238787
0.155061
0.282083
0.186143
0.13199
0.612607
0.158747
0.058914
0.474019
0.09165
0.214905
0.115109
0.056557
0.181359
0.295567
0.037544
0.382254
0.182979
0.053485
0.540164
0.167649
0.090277
0.109957
0.443003
0.062798
0.033513
0.135159
0.411914
0.102151
0.109571
0.134538
0.539001
0.253588
0.051828
0.224729
0.821008
0.227274
0.213738
0.278013
0.139903
0.362211
0.627156
0.112498
0.546468
0.176609
0.093468
0.452499
0.32701
0.070551
0.396541
0.222659
0.224758
0.487093
0.026451
0.12803
0.051244
0.1498
0.211474
0.147605
0.227908
0.39899
0.189507
0.015898
0.331427
0.059725
0.168823
0.19275
0.46798
0.077309
0.253371
0.491151
0.165023
0.926731
0.582946
0.332794
0.213177
0.125901
0.316646
0.057852
0.040985
0.132761
0.185046
0.381287
0.273576
0.644359
0.211608
0.081306
0.094424
0.104026
0.261374
0.137778
0.234885
0.134549
0.547176
0.288829
0.211538
0.195491
0.323845
0.149979
0.268035
0.297408
0.096153
0.162283
0.116851
0.228569
0.135054
0.147391
0.378297
0.240643
0.105013
0.094951
0.340165
0.145643
0.246833
0.159981
0.116233
0.235083
0.48045
0.211275
0.170458
0.439428
0.244545
0.287015
0.048819
0.371893
0.195237
0.139732
0.183458
0.693058
0.183365
0.20527
0.830067
0.211076
0.149255
0.324478
0.075164
0.396711
0.136155
0.056596
0.478271
0.40799
0.073085
0.493142
0.126505
0.54047
0.159059
0.697694
0.253826
0.324793
0.398384
0.21399
0.295262
0.333077
0.047891
0.152228
0.505826
0.142906
0.155277
0.208616
0.030599
0.106501
0.124015
0.166264
0.211735
0.248536
0.210142
0.123708
0.36627
0.047851
0.01092
0.245503
0.06604
0.062985
0.153976
0.413779
0.106272
0.243443
0.20205
0.099053
0.031965
0.379107
0.294612
0.289523
0.105474
0.131086
0.377298
0.113022
0.172037
0.175973
0.251224
0.202243
0.370197
0.332658
0.22975
0.078025
0.249594
0.132283
0.482316
0.266128
0.095671
0.675396
0.229986
0.095712
0.148933
0.108594
0.022094
0.376735
1.043169
0.041558
0.208085
0.050921
0.35585
0.205648
0.797626
0.218362
0.132069
0.206746
0.102784
0.138272
0.214677
0.045188
0.577094
0.080442
0.203464
0.02376
0.090905
0.355709
0.39735
0.605778
0.139247
0.31661
0.177862
0.624494
0.11665
0.13431
0.166471
0.267487
0.229907
0.18836
0.135065
0.167527
0.047535
0.122327
0.236353
0.336268
0.293966
0.034469
0.59712
0.045587
0.194789
0.039351
0.247627
0.246759
0.125971
0.209819
0.207261
0.080538
0.229255
0.071894
0.089002
0.10973
0.13179
0.069028
0.314878
0.173991
0.066504
0.11029
0.181708
0.4822
0.084954
0.216906
0.038121
0.241345
0.156706
0.145925
0.907609
0.146293
1.389711
0.104382
0.970189
0.211651
0.175556
0.475974
0.031696
0.368182
0.32605
0.151442
0.44313
0.232318
0.493373
0.165272
0.586364
0.035081
0.13687
0.294523
0.179678
0.306932
0.238714
0.133807
0.078644
0.157719
0.149511
0.111658
0.87066
0.208034
0.071331
0.163231
0.274326
0.109539
0.194565
0.282906
0.162768
0.294209
0.316406
0.108238
0.055382
0.224943
0.12491
0.061478
0.069521
0.525477
0.0842
0.069218
0.105799
0.841038
0.345128
0.257831
0.309977
0.060402
0.064657
0.133596
0.312573
0.150363
0.08372
0.026385
0.124084
0.041753
0.488844
0.147824
0.155622
0.140117
0.369504
0.376742
0.107523
0.138662
0.338222
0.263132
0.145682
0.11341
0.200903
0.285393
0.122366
0.132662
0.148043
0.390837
0.040422
0.928874
0.43298
0.063035
0.539845
0.150277
0.086344
0.058908
0.37088
0.192449
0.077848
0.385817
0.092422
0.193469
0.072719
0.078673
0.161057
0.034945
0.078606
0.479374
0.094424
0.727305
0.053571
0.599286
0.079848
0.162059
0.294078
0.269444
0.162333
0.093649
0.651174
0.282419
0.178241
0.193546
0.127776
0.188084
0.364232
0.345779
0.10986
0.083858
0.074853
0.183473
0.114736
0.108053
0.376092
0.788653
0.346827
0.225332
0.198384
0.233563
0.023483
0.242564
0.308441
0.287907
0.157751
0.101462
0.45341
0.539388
0.090209
1.142369
0.173637
0.914058
0.265235
0.418153
0.154805
0.101689
0.056262
0.855518
0.724228
0.365055
0.341351
0.239165
0.181881
0.164338
0.121106
0.370601
0.279828
0.069029
0.271488
0.083752
0.104995
0.137076
0.356716
0.262786
0.230214
0.258055
0.169186
0.040834
0.034872
0.135999
0.119851
0.077351
0.667721
0.784185
0.723977
0.058255
0.193512
0.351094
0.08193
0.183858
0.639732
0.127011
0.207364
0.188545
0.174627
0.543196
0.150578
0.235974
1.046968
0.576244
0.174673
0.056407
0.363029
0.16355
0.628511
0.132075
0.194401
0.179449
0.473017
0.19122
0.180517
0.150153
0.234216
0.070539
0.316171
0.218267
0.151584
0.491402
0.116803
0.208791
0.103731
0.253916
0.024232
0.463369
0.071353
0.106238
0.126598
0.613984
0.30985
0.161687
0.72202
0.451912
0.084163
0.085118
0.217431
0.216855
0.084239
0.281257
0.064897
0.19412
0.136125
0.029658
0.047061
0.365303
0.014378
0.059599
0.155608
0.094158
0.368633
0.093182
0.05595
0.08545
0.450202
0.074471
0.498134
0.209015
0.25034
0.076023
0.244629
0.190366
0.114577
0.293341
0.123328
0.131843
0.190095
0.591096
0.085477
0.259399
0.137402
0.175911
0.154408
0.039856
0.036669
0.216588
0.504205
0.253444
0.196522
0.248173
0.081254
0.140736
0.17674
0.203305
0.057236
0.336189
0.041874
0.060132
0.3013
0.039975
0.179019
0.220579
0.316131
0.169561
0.106267
0.165988
0.132965
0.147228
0.056504
0.109421
0.143314
0.338497
0.06646
0.074687
0.111191
0.065643
0.358259
0.144065
0.224159
0.201406
0.009615
0.281631
0.169002
0.091897
0.095499
0.203905
0.461763
0.080864
0.04513
0.195393
0.72821
0.154141
0.493395
0.020444
0.379412
0.044212
0.047299
0.385905
0.156355
0.217072
0.981489
0.203374
0.265836
0.329709
0.095076
0.290877
0.244545
0.933519
0.069104
0.037682
0.123416
0.233372
0.078992
0.167084
0.16406
0.227297
0.144758
0.07389
0.043406
0.197181
0.345474
0.64292
0.427599
0.08096
0.095151
0.116973
0.143922
0.120977
0.057409
0.348113
0.048804
0.360804
0.239238
0.283062
0.561392
0.26992
0.208266
0.464523
0.170088
0.086479
0.108748
1.159742
0.09994
0.103182
0.313186
0.325496
0.385213
0.287025
0.035351
0.114487
0.112103
0.170473
0.076159
0.195922
0.460189
0.206264
0.225695
0.229136
0.643806
0.192119
0.045055
0.128072
0.088924
0.078939
0.297531
0.484061
0.179696
0.310576
0.307145
0.754269
0.192737
0.247474
0.122183
0.210287
0.184028
0.12143
0.162956
0.332319
0.062823
0.047352
0.018173
0.171577
0.42077
0.386945
0.164708
0.503641
0.350475
0.198914
0.464429
0.135013
0.171256
0.225203
0.217818
0.084123
0.136488
0.398726
0.081315
0.25014
0.130411
0.437183
0.288171
0.465834
0.062435
0.082204
0.157476
0.472618
0.055456
0.234025
0.455469
0.060342
0.391219
0.279061
0.176684
0.312747
0.042424
0.167011
0.473281
0.002423
0.348463
0.26839
0.209648
0.367293
0.213574
0.240278
0.123124
0.445127
0.416888
0.042105
0.026281
0.19532
0.235374
0.060522
0.041221
0.425668
0.177713
0.025633
0.640484
0.185533
0.313245
0.239191
0.673965
0.038823
0.404258
0.531058
0.036796
0.133858
0.10731
0.172745
0.175604
0.249543
0.076076
0.036594
0.114679
0.110015
0.14078
0.183315
0.143953
0.438764
0.240557
0.228998
0.34651
0.225213
0.224155
0.097242
0.079106
0.208633
0.276903
0.637591
0.114663
0.185655
0.029098
0.317113
0.011334
0.133078
0.134773
0.27065
0.129856
0.104562
0.52581
0.377438
0.078453
0.179533
0.302907
0.14419
0.048035
0.79793
0.232001
0.152575
0.094217
0.323963
0.334861
0.516054
0.166587
0.17533
0.085776
0.444554
0.286082
0.168967
0.120039
0.0991
0.028544
0.134864
0.213268
0.085189
0.276284
0.050455
0.471941
0.077881
0.606049
0.087881
0.275801
0.06295
0.208934
0.08827
0.981224
0.078124
0.584592
0.28943
0.091613
0.128984
0.323446
0.112519
0.337822
0.185559
0.371948
0.09121
0.114151
0.080139
0.077933
0.102991
0.116987
0.099988
0.07419
0.389789
0.216515
0.441831
0.281176
0.187567
0.035627
0.812341
0.104661
0.166266
0.185932
0.222153
0.162673
0.097729
0.094969
0.02509
0.258277
0.051797
0.194737
0.23391
0.225441
0.099108
0.160829
0.127865
0.097326
0.113077
0.295628
0.334122
0.515343
0.079378
0.274357
0.486553
0.204595
1.204021
1.124364
0.232158
0.078766
0.423043
0.411848
0.268805
0.055319
0.023672
0.1106
0.653333
0.11404
0.386768
0.147567
0.074642
0.131815
0.252159
0.054762
0.217499
0.336337
0.305352
0.16249
0.13337
0.219404
0.044826
0.148313
0.26647
0.216707
0.13811
0.114958
0.136793
0.299736
0.016162
0.719028
0.099238
0.222695
0.114963
0.166904
0.20455
0.092854
0.271226
0.056691
0.342152
0.340735
0.349302
0.082444
0.400963
0.097132
0.405617
0.044268
0.40046
0.146993
0.058098
0.294641
0.340615
0.082071
0.269342
0.256982
0.697639
0.211073
0.053048
0.238778
0.102766
0.086596
0.355669
0.072385
0.243962
0.034092
0.116293
0.147079
0.456781
0.027383
0.162962
0.528559
0.216072
0.159179
0.271812
0.287756
0.215553
0.066097
0.271216
0.051768
0.147273
0.014905
0.382685
0.149766
0.221324
0.132985
0.328221
0.060128
0.192495
0.059915
0.186966
0.323508
0.145976
0.065876
0.119778
0.056303
0.186199
0.05248
0.133044
0.220355
0.334163
0.51198
0.057073
0.883023
0.04077
0.089883
0.212922
0.520629
0.119978
0.121645
0.435624
0.05625
0.32059
0.098651
0.338264
0.537671
0.292325
0.047257
0.327464
0.155535
0.29113
0.08012
0.187582
0.232091
0.06776
0.106001
0.357156
0.331399
0.38909
0.908455
0.224639
0.133448
0.114959
0.195273
0.20838
0.189834
1.103489
0.114505
0.80058
0.074019
0.200707
0.072636
0.214544
0.604351
0.264687
0.068905
0.245621
0.144421
0.207552
0.115106
0.058464
0.09164
0.062742
0.031525
0.393577
0.460519
0.119013
0.016624
0.15266
0.197685
0.027591
0.060453
0.038265
0.045287
0.183932
0.247864
0.211037
0.108252
0.07844
0.248669
0.115105
0.433089
0.226438
0.078947
0.18256
0.312449
0.11499
0.329552
0.172814
0.056279
0.214587
0.273812
0.37401
0.169694
0.283751
0.223464
0.15549
0.545443
0.241186
0.041796
0.166054
0.053777
0.552999
0.291634
0.046018
0.149662
0.066395
0.518722
0.218288
0.154236
0.616446
0.118072
0.11104
0.065541
0.47386
0.409361
0.300331
0.084258
0.153185
0.090317
0.470925
0.217288
0.309676
0.074416
0.272713
0.079044
0.039616
0.048795
0.083574
0.029754
0.149029
0.121894
0.277044
0.100527
0.225078
0.189439
0.269789
0.109257
0.068386
0.067965
0.159562
0.444017
0.119065
0.268376
0.017795
0.282966
0.091622
0.234083
0.274871
0.276657
0.376572
0.055871
0.323757
0.928996
0.546139
0.184981
0.107225
0.12936
0.040594
0.008325
0.087506
0.438947
0.35432
0.169589
0.341124
0.063016
0.194211
0.555433
0.370393
0.064855
0.227917
0.365398
0.045988
0.158529
0.242971
0.225831
0.144768
0.44642
0.34147
0.33667
0.486325
0.091488
0.115307
0.261628
0.18576
0.096401
0.171626
0.072918
0.021501
0.008835
0.155272
0.479152
0.12808
0.447843
0.474446
0.34262
0.373052
0.291931
0.192245
0.050783
0.110993
0.181653
0.276941
0.242698
0.122549
0.143141
0.160526
0.090894
0.531384
0.534848
0.311953
0.194185
0.160038
0.248787
0.409812
0.043451
0.224528
0.26998
0.05926
0.095298
0.025411
0.043524
0.120083
0.342523
1.157679
0.160258
0.045698
0.440715
0.131388
0.031382
0.154118
0.081531
0.118982
0.070301
0.614759
0.362317
0.123049
0.026013
0.340971
0.160117
0.292563
0.386773
0.173376
0.170407
0.16806
0.027915
0.262283
0.902711
0.02648
0.091091
0.094356
0.104591
0.398008
0.342769
0.143389
0.623814
0.341303
0.269997
0.078552
0.844244
0.055376
0.114021
0.087469
0.035816
0.088682
0.436317
0.383487
0.133685
0.017677
0.153626
0.215418
0.636397
0.167442
0.26486
0.178838
0.125338
0.238074
0.074996
0.031986
0.299303
0.48285
0.46151
0.126607
0.525824
0.022917
0.082531
0.310148
0.422816
0.262951
0.041631
0.194841
0.40257
0.072414
0.088446
0.188232
0.301231
0.121638
0.293247
0.042255
0.103252
0.096644
0.220683
0.467832
0.563719
0.075149
0.23577
0.131057
0.241992
0.389192
0.614873
0.076082
0.0134
0.348088
0.409991
0.32444
0.101518
0.258807
0.193593
0.201476
0.313621
0.096507
0.085983
0.039878
0.738716
0.248407
0.195902
0.232407
0.434506
0.298749
0.262423
0.061014
0.570142
0.242504
1.006307
0.231818
0.18837
0.437527
0.172451
0.418173
0.114752
0.095441
0.196973
0.11291
0.104354
0.178178
0.136539
0.130623
0.17671
0.024721
0.12164
0.423064
0.047737
0.175858
0.054736
0.265846
0.575723
0.234574
0.144615
0.169835
0.229723
0.326724
0.244462
0.537784
0.093788
0.016092
0.195813
0.154366
0.075428
0.029984
0.189349
0.323818
0.289559
0.231736
0.29155
0.098484
0.088513
0.100303
0.071896
0.137201
0.513758
0.045693
0.214387
0.023312
0.109017
0.022891
0.759294
0.852561
0.236706
0.218701
0.113563
0.196894
0.277895
0.090138
0.118523
0.243837
0.174972
0.135159
0.39257
0.149144
0.224187
0.094419
0.071597
0.752202
0.01817
0.070387
0.354887
0.325711
0.323531
0.154491
0.10857
0.498474
0.216432
0.09775
0.13886
0.533965
0.415298
0.061672
0.097149
0.071885
1.531712
0.077423
0.042108
0.27909
0.250943
0.136392
0.245776
0.080833
0.199821
0.370917
0.599844
0.058491
0.455725
0.160882
0.190564
0.165994
0.119081
0.269055
0.260681
0.057531
0.116287
0.195498
0.245581
0.190568
0.23533
0.193853
0.319174
0.25407
0.175482
0.228779
0.096232
0.20172
0.481524
0.216839
0.258623
0.024685
0.160852
0.037457
0.088551
0.203481
0.37168
0.113543
0.14053
0.1927
0.929587
0.037468
0.378567
0.120896
0.158797
0.381384
0.107796
0.14486
0.456952
0.079501
0.565885
0.070135
0.318958
0.030679
0.233284
0.032277
0.303451
0.44809
0.038261
0.158737
0.043754
0.070296
0.597261
0.174877
0.025056
0.103153
0.011026
0.609536
0.060457
0.251481
0.089615
0.290959
0.478905
0.117645
0.32706
0.249309
0.021415
0.124017
0.04974
0.096135
0.128776
0.054805
0.101858
0.053924
0.030097
0.087353
0.072253
0.130531
0.066414
0.13928
0.266324
0.110443
0.14539
0.080996
0.132288
0.626023
0.039454
0.313256
0.197345
0.149253
0.086554
0.132757
0.179994
0.148538
0.208421
0.118975
0.430773
0.26016
0.033019
0.107736
0.220629
0.115351
0.320692
0.090726
0.048476
0.348838
0.378673
0.061168
0.56014
0.150954
0.260899
0.096862
0.324126
0.021657
0.215719
0.932648
0.064536
0.115181
0.140575
0.349239
0.051672
0.041067
0.256083
0.178587
0.236328
0.046449
0.142567
0.303022
0.07983
0.563398
0.063568
0.052502
0.24848
0.159738
0.278221
0.116427
0.49138
0.208961
0.104502
0.194101
0.16347
0.159038
0.342648
0.256701
0.119914
0.338084
0.283292
0.103165
0.185715
0.287229
0.168292
0.112935
0.456537
0.121386
0.113176
0.179671
0.332668
0.075194
0.136635
0.064955
0.489734
0.22848
0.092771
0.26039
0.162323
0.306792
0.085964
0.366921
0.432131
0.251308
0.462294
0.273897
0.257425
0.112701
0.288058
1.301822
0.691582
0.226663
0.0509
0.258686
0.166138
0.208925
0.233012
0.150917
0.111443
0.088878
0.111718
0.387865
0.045904
0.173731
0.975797
0.053551
0.138841
0.057926
0.213926
0.043895
0.307495
0.211382
0.210766
0.222857
0.019948
0.149272
0.174055
0.084202
0.521867
0.207181
0.11844
0.075365
0.060858
0.194072
0.071617
0.132368
0.310066
0.355244
0.26551
0.670221
0.094042
0.706227
0.509342
0.083589
0.051764
0.041178
0.181706
0.453609
0.575151
0.577179
0.563865
0.131278
0.078251
0.103447
0.362071
0.037761
0.195355
0.263254
0.003692
0.112032
0.068966
0.205895
0.033239
0.069278
0.132153
0.274035
0.036897
0.270222
0.329259
0.509669
0.218232
0.066959
0.340643
0.068667
0.476926
0.066558
0.440282
0.227654
0.189176
0.102809
0.444299
0.115585
0.445262
0.063702
0.202032
0.075065
0.12833
0.063889
0.162505
0.244831
0.071905
0.077966
0.07388
0.138079
0.378228
0.054269
0.558509
0.338778
0.203572
0.397361
0.213763
0.106143
0.146536
0.228922
0.354546
0.220247
0.163445
0.027019
0.220514
0.06788
0.325271
0.462413
0.699949
0.163789
0.028608
0.065596
0.084322
0.487391
0.063887
0.164993
0.310108
0.266116
0.274251
0.21152
0.476635
0.224946
0.045348
0.841854
0.077731
0.155917
0.118492
0.175087
0.080779
0.108237
0.224113
0.196771
0.049636
0.831793
0.069679
1.446444
0.467313
0.190264
0.331928
0.067146
0.082374
0.115193
0.136749
0.262457
0.626668
0.241664
0.175808
0.501903
1.440306
0.41171
0.326626
0.123014
0.126139
0.035583
0.43779
0.115752
0.298078
0.109356
0.111556
0.127473
0.195975
0.706392
0.247828
0.260101
0.247503
0.250988
0.188631
0.166073
0.111829
0.1102
0.187567
0.080221
0.24781
0.033888
0.044678
0.225781
0.234736
0.027494
0.030651
0.312355
0.22482
0.192448
0.246411
0.486497
0.014549
0.104909
0.083747
0.143736
0.275264
0.253291
0.037717
0.118719
0.019449
0.635755
0.300019
0.055408
0.130189
0.186212
0.150972
0.049636
0.184726
0.380781
0.216661
0.041398
0.121259
0.459471
0.392542
0.166699
0.77409
0.322239
0.28021
0.109515
0.18935
0.180589
0.257912
0.132743
0.32098
0.133438
0.204144
0.313175
0.542646
0.446718
0.18619
0.068564
0.058698
0.117091
0.411642
0.211451
0.234803
0.195482
0.459565
0.305714
0.252502
0.374763
0.120222
0.03838
0.045928
0.288513
0.159136
0.092582
0.217692
0.67245
0.150893
0.351076
0.101092
0.963125
0.178166
0.296551
0.141445
0.179883
0.279517
0.280942
0.245429
0.259632
0.316045
0.098405
0.13182
0.222274
0.049656
0.107877
0.138524
0.299192
0.065542
0.054464
0.205561
0.459067
0.143422
0.073353
0.376018
0.097315
0.163336
0.384542
0.233371
0.286104
0.089847
0.145047
0.639673
0.078633
0.095058
0.070297
0.311588
0.504587
0.080499
0.269155
0.261385
0.955979
0.173047
0.351297
0.181603
0.260217
0.157228
0.216586
0.403288
0.078459
0.564913
0.353803
0.154878
0.191076
0.140241
0.163875
0.342679
0.104774
0.749886
0.143681
0.0722
0.087714
0.274358
0.219554
0.079819
0.343524
0.077026
0.222268
0.064488
0.175345
0.028357
0.314438
0.201451
0.12187
0.458163
0.102501
0.43975
0.08021
0.178646
0.22788
0.170226
0.105762
0.110784
0.241317
0.260258
0.115645
0.864545
0.058667
0.085683
0.06071
0.460127
0.093682
0.861682
0.27615
0.01379
0.145458
0.105728
0.024111
0.151614
0.341289
0.125336
0.107397
0.05502
0.048744
0.306258
0.181164
0.022365
0.040859
0.068556
0.124653
0.023
0.244475
0.184333
0.576465
0.214054
0.079231
0.327299
0.146526
0.109325
0.139713
0.024443
0.209156
0.458988
0.355562
0.056523
0.333095
0.145659
0.149555
0.159999
0.513845
0.075144
0.22417
0.217289
0.495862
0.089442
0.010316
0.227275
0.030814
0.29173
0.083937
0.089652
0.265322
0.273111
0.108625
0.012285
0.087234
0.145848
0.885617
0.0667
0.100141
0.053415
0.054957
0.059083
0.357703
0.199025
1.19461
0.487942
0.034448
0.419855
0.208821
0.09957
0.151607
0.139274
0.086434
0.101817
0.232319
0.181565
0.711176
0.167735
0.030481
0.309184
0.570507
0.065572
0.133144
0.6405
0.523459
0.2391
0.166965
0.043889
0.397909
0.13212
0.147635
0.100334
0.08369
0.116009
0.138071
0.15629
0.675934
0.311274
0.297913
0.130082
0.035165
0.265424
0.300958
0.271622
0.197821
0.096073
0.02715
0.294246
0.166141
0.246732
0.49064
0.232833
0.147937
0.212308
0.168974
0.23258
0.739348
0.073156
0.169718
0.012591
0.035151
0.067266
0.092149
0.304302
0.032144
0.085379
0.163201
0.32005
0.163944
0.165228
0.150436
0.704647
0.174149
0.443327
0.279937
0.141635
0.049106
0.324087
0.385142
0.190355
0.307513
0.10361
0.186353
0.247693
0.104158
0.205994
0.300023
0.104323
0.14007
0.445471
0.185123
0.241719
0.152827
0.540753
0.301524
0.030588
0.332819
0.272277
0.162814
0.644641
0.124105
0.559864
0.29386
0.370224
0.318976
0.059009
0.033981
0.145268
0.282853
0.414063
0.404978
0.19571
0.134069
0.303808
0.150298
0.10984
0.381659
0.275537
0.195847
0.300091
0.256201
0.041298
0.426383
0.043217
0.308277
0.266705
0.073736
0.217351
0.513732
0.287434
0.017656
0.284608
0.283979
0.162298
0.214637
0.072441
0.110754
0.339998
0.095486
0.424304
0.262952
0.231156
0.211656
0.04924
0.181252
0.100251
0.134359
0.198326
0.027931
0.056381
0.340861
0.171523
0.469865
0.088862
0.300239
0.292809
0.24234
0.188792
0.125272
0.144213
0.263575
0.089157
0.1814
0.220433
0.13946
0.289423
0.122367
1.212641
0.385641
0.321543
0.142738
0.289139
0.132988
0.080381
0.238881
0.101764
0.108326
0.102552
0.193899
0.425855
0.056333
0.054528
0.063978
0.128778
0.227769
0.260135
0.115309
0.255166
0.118369
0.249425
0.223982
0.096658
0.753636
0.029046
0.513442
0.254743
0.399903
0.218269
0.241879
0.16631
0.074687
0.368226
0.037984
0.217891
0.669092
0.302874
0.059189
0.344158
0.545674
0.220601
0.042174
0.077566
0.172978
0.039253
0.494446
0.090845
0.153041
0.322609
0.256977
0.400968
0.447719
0.247884
0.174621
0.481106
0.090436
0.12372
0.034922
0.332936
0.128534
0.043801
0.195503
0.107513
0.462805
0.670875
0.475324
0.335464
0.259642
0.626771
0.092033
0.131176
0.19834
0.057853
0.146401
0.458573
0.378998
0.160749
0.205008
0.071392
0.14994
0.350746
0.224531
0.049165
0.178021
0.191667
0.158113
0.490741
0.196311
1.325829
0.461733
0.022654
0.241186
0.157028
0.092778
0.124806
0.231685
0.111449
0.167623
0.334382
0.3505
0.047189
0.225966
0.057391
0.135518
0.194707
0.166001
0.052117
0.149111
0.373147
0.133949
0.117739
0.069612
0.013422
0.242359
0.086765
0.140044
0.165083
0.743284
0.091224
0.337645
0.138355
0.262523
0.162557
0.464241
0.386124
0.444938
0.134562
0.296852
0.277928
0.296399
0.056751
0.252599
0.1639
0.548806
0.278363
0.243051
0.05783
0.073423
0.150985
0.425521
0.357658
0.051864
0.075835
0.034272
0.021075
0.073471
1.172848
0.242303
0.029471
0.151243
0.276716
0.070653
0.410862
0.537436
0.060217
0.3481
0.117246
0.400229
0.17477
0.087581
0.391981
0.692122
0.074883
0.415462
0.524799
0.368088
0.138454
0.058785
0.160669
0.013158
0.388668
0.281211
0.191292
0.106082
0.278662
0.071987
0.03238
0.020147
0.061706
0.12992
0.275201
0.182997
0.275678
0.18243
0.039849
0.026606
0.070554
0.128397
0.259599
0.005565
0.032407
0.343778
0.120453
0.252364
0.093943
0.14221
0.308714
0.151463
0.543874
0.199903
0.033024
0.255005
0.308786
0.405448
0.144626
0.191339
0.262591
0.316057
0.457208
0.31146
0.244217
0.352803
0.227498
0.47366
0.455609
0.718869
0.065119
0.182562
0.38441
0.075671
0.140146
0.058318
0.562009
0.249689
0.14062
0.195877
0.320753
0.278645
0.103492
0.207493
0.077253
0.102558
0.151681
0.017529
0.269527
0.199196
0.075353
0.081183
0.306448
0.076893
0.103532
0.462395
0.453845
0.357177
0.105845
0.127735
0.081494
0.124317
0.315969
0.067284
0.258437
0.040455
0.722463
0.045338
0.367641
0.143949
0.05644
0.003568
0.126079
0.038644
0.093716
0.095947
0.4266
0.203116
0.281827
0.117093
0.286911
0.037539
0.057959
0.069371
0.135387
0.400609
0.121205
0.190897
0.186341
0.075245
0.11627
0.291444
0.231149
0.120344
0.045505
0.333455
0.005222
0.129851
0.519638
0.278204
0.432647
0.187574
0.43594
0.150502
0.478173
0.18845
0.124853
0.208988
0.244242
0.147086
0.104866
0.112115
0.069952
0.251099
0.16706
0.211904
0.168163
0.331766
0.128501
0.282155
0.042327
1.151859
0.187095
0.382817
0.312014
0.142622
0.456648
0.098293
0.243886
0.409923
0.042947
0.324117
0.057554
0.156039
0.514158
0.158481
0.088583
0.519685
0.030896
0.17617
0.087832
0.070271
0.096182
0.088684
0.584089
0.126167
0.453955
0.230249
0.032959
0.395371
0.301913
0.061217
0.020652
0.119782
0.113668
0.195471
0.171561
0.038388
0.149499
0.322873
0.095863
0.232279
0.159978
0.20197
0.218131
0.329885
0.401473
0.039461
0.23053
0.403646
0.201579
0.032785
0.484805
0.460627
0.385102
0.310996
0.049804
0.135502
0.07704
0.155939
0.113963
0.383647
0.088734
0.052021
0.12946
0.093061
0.401425
0.041636
0.176758
0.309655
0.269849
0.902694
0.111725
0.138336
0.16191
0.130262
0.031413
0.812211
0.329802
0.150413
0.194118
0.234851
0.331859
0.187839
0.084954
0.821891
0.235232
0.463417
0.178621
0.070506
0.106958
0.024532
0.125308
0.120048
0.149062
0.193214
0.015203
0.101384
0.286333
0.171527
0.085984
0.106413
0.165158
0.183817
0.174827
0.233784
0.249356
0.519637
0.191648
0.056501
0.400369
0.17402
0.023559
0.238707
0.312229
0.276286
0.234391
0.056605
0.076776
0.056603
0.118654
0.338964
0.342297
0.129881
0.117698
0.220077
0.384783
0.148003
0.069549
0.477709
0.330189
0.247983
0.032407
0.267508
0.068062
0.290409
0.073969
0.071406
0.102864
0.365121
0.034146
0.165852
0.466137
0.071066
0.24542
0.078193
0.066275
0.162529
0.101354
0.125911
0.058567
0.029356
0.255519
0.085796
0.05874
0.331967
0.291318
0.164689
0.312377
0.1402
0.502597
0.112982
0.381191
0.090087
0.261756
0.074502
0.152128
0.051866
0.158471
0.358953
0.113511
0.125788
0.666913
0.279289
0.060075
0.265068
0.888445
0.38736
0.183784
0.271006
1.471617
0.18649
0.373542
0.093094
0.172216
0.017487
0.01523
0.058772
0.164949
0.280642
0.538944
0.269737
0.058924
0.162558
0.822164
0.347963
0.217641
0.151621
0.157531
0.251061
0.387104
0.080856
0.199555
0.244986
0.314054
0.308558
0.296538
0.039566
0.035207
0.858874
0.114794
0.614804
0.758113
0.298189
0.080781
0.150956
0.528412
0.149235
0.073392
0.051006
0.341418
0.123519
0.345897
0.303133
0.164934
0.865123
0.097115
0.25892
0.105568
0.370267
0.154068
0.548515
0.264387
0.084539
0.317914
0.075485
0.323217
0.049377
0.171354
0.193828
0.346076
0.73978
0.118016
0.26184
0.435415
0.087706
0.049285
0.35387
0.167712
0.136735
0.044569
0.142415
0.110939
0.123442
0.398287
0.165893
0.390402
0.09643
0.30147
0.504001
0.079784
0.553607
0.149284
0.026246
0.173205
0.135198
0.172777
0.124962
0.07058
0.084425
1.075194
0.093031
0.33561
0.218555
0.028628
0.247266
0.140453
0.435856
0.276271
0.012748
0.386974
0.087122
0.135151
0.094552
0.750405
0.419984
0.586413
0.4996
0.308486
0.058589
0.477541
0.201642
0.972197
0.263479
0.795711
0.154136
0.161418
0.443152
0.163559
0.228777
0.750867
0.1337
0.143341
0.139594
0.084949
0.086546
0.063774
0.544973
0.246934
0.034778
0.149963
0.095846
0.166143
0.274814
0.10898
0.359702
0.434301
0.634042
0.333178
0.128315
0.156959
0.119254
0.147694
0.409179
0.090436
0.207329
0.050388
0.300658
0.228018
0.159282
0.043631
0.259513
0.179357
0.064428
0.475149
0.078802
0.181086
0.07522
0.089262
0.135746
0.324582
0.206465
0.552397
0.410752
0.092822
0.050278
0.119818
0.180385
0.124151
0.131619
0.164069
1.100519
0.292467
0.089153
0.038069
0.118876
0.623371
0.196709
0.156185
0.033864
0.427001
0.515122
0.130336
0.181412
0.28083
0.10774
0.828643
0.125475
0.093843
0.138121
0.039444
0.162249
0.018717
0.213983
0.267796
0.045166
0.262256
0.183348
0.130207
0.086568
0.244216
0.399654
0.269847
0.39662
0.165914
0.082936
0.668014
0.101688
0.239018
0.217412
0.318919
0.386952
0.071856
0.271267
0.160336
0.217263
0.228927
0.518711
0.085417
0.188627
0.425898
0.092942
0.114192
0.4763
0.088355
0.088165
0.333602
0.325002
0.214505
0.289077
0.097093
0.618571
0.258652
0.099565
0.217303
0.044316
0.133267
0.073491
0.256807
0.305156
0.166205
0.211003
0.303953
0.25084
0.292307
0.043035
0.24245
0.113762
0.088931
0.018802
0.139756
0.529485
0.189336
0.312121
0.270658
0.144226
0.256893
0.411059
0.176184
0.368938
0.270158
0.18384
0.313619
0.252512
0.04616
0.268601
0.112589
0.118069
0.190173
0.105763
0.24508
0.177058
0.131431
0.425961
0.577739
0.065605
0.238123
0.362644
0.344446
0.034679
0.048734
0.072879
0.227334
0.211637
0.009658
0.420779
0.376773
0.065019
0.053722
0.067613
0.087133
0.138179
0.104288
0.072943
0.192302
0.411418
0.388635
0.144633
0.185543
0.353352
0.420216
0.093476
0.163952
0.125481
0.103907
0.185185
0.274348
0.113826
0.075808
0.459198
0.125084
0.169003
0.04162
0.057322
0.00932
0.153846
0.198801
0.544488
0.0543
0.318603
0.148833
0.190175
0.280849
0.435447
0.173897
0.415417
0.04156
0.038739
0.329615
0.229805
0.033766
0.161422
0.212872
0.355414
0.118007
0.088647
0.062643
0.315114
0.152675
0.025284
0.171124
0.286148
0.046786
0.427386
0.085538
0.097893
0.023895
0.151976
0.02435
0.023312
0.290093
0.036268
0.094923
0.536141
0.594063
0.29681
0.587382
0.22051
0.135342
0.095375
0.322714
0.857046
0.034207
0.248076
0.499527
0.206846
0.144024
0.130284
0.162223
0.144172
0.202419
0.233704
0.099027
0.129675
0.229976
0.254316
0.497052
0.246383
0.188669
0.243074
0.259387
0.004384
0.053295
0.331633
0.075107
0.21499
0.054363
0.433965
0.074233
0.209874
0.022327
0.113293
0.137747
0.065918
0.064405
0.387406
0.517836
0.289174
0.075487
0.291224
0.80115
0.086631
0.411571
0.012984
0.108449
0.511213
0.06156
0.254554
0.421104
0.223842
0.218148
0.372685
0.021507
0.04233
0.108434
0.078508
0.155831
0.138416
0.07174
0.315086
0.19766
0.104834
0.496198
0.02534
0.24104
0.192065
0.193272
0.156277
0.432017
0.215064
0.033424
0.193691
0.122737
0.222264
0.210481
0.308188
0.279631
0.498855
0.285364
0.070683
0.824878
0.093872
0.289882
0.282921
0.056181
0.106632
0.163146
0.199461
0.036587
0.501993
0.396974
0.103928
0.014956
0.214411
0.129134
0.241092
0.106514
0.069254
0.444392
0.077524
0.068125
0.009965
0.215915
0.277005
0.201877
0.191749
0.178477
0.055047
0.42799
0.252214
0.167973
0.004225
0.039326
0.382201
0.087336
0.357175
0.208732
0.105643
0.143123
0.095762
0.137062
0.050271
0.048517
0.177841
0.20278
0.49817
0.060584
0.11594
0.198989
0.504631
0.197251
0.033738
0.115649
0.312673
0.034482
0.084745
0.099905
0.132437
0.100438
0.443118
0.023507
0.042693
0.024657
0.263348
0.34716
0.271804
0.132927
0.113292
0.187619
0.370902
0.118012
0.113477
0.326317
0.065727
0.436687
0.183702
0.05272
0.888976
0.087617
0.087413
0.062839
0.595158
0.166773
0.341948
0.119007
0.123968
0.095104
0.186238
0.026925
0.018801
0.149406
0.131565
0.058871
0.023041
0.247969
0.075819
0.199906
0.09437
0.195673
0.193714
0.3848
0.111377
0.223219
0.447539
0.074578
0.33183
0.640606
0.139808
0.339411
0.094231
0.670041
0.129908
0.61828
0.196725
0.284909
0.027848
0.456705
0.382741
0.166957
0.035409
0.079346
0.147866
0.527798
0.387486
0.104657
0.073964
0.426432
0.258227
0.015073
0.369564
0.135436
0.298971
0.095547
0.101532
0.226299
0.297359
0.390177
0.224099
0.120367
0.180174
0.364645
0.338029
0.220877
0.161812
0.225446
0.541084
0.113256
0.09497
0.393558
0.125114
0.055266
0.442597
0.076907
0.403541
1.144699
0.162497
0.655617
0.185639
0.275947
0.196226
0.121781
0.281806
0.33925
0.282073
0.073248
0.095228
0.363506
0.160973
0.453645
0.058412
0.145412
0.034398
0.154388
0.018585
0.213908
0.03795
0.139708
0.227261
0.196023
0.215606
0.270773
0.050307
0.295527
0.060566
0.131288
0.023974
0.085665
0.161477
0.3322
0.107828
0.119378
0.137495
0.33309
0.222797
0.531353
0.135139
0.339663
0.198129
0.106479
0.092119
0.142759
0.131255
0.272363
0.201809
0.259561
0.301304
0.168317
0.145072
0.081683
0.718111
0.41058
0.10372
0.139898
0.013861
0.293254
0.032144
0.523523
0.074157
0.698071
0.138012
0.145666
0.082357
0.152004
0.697122
0.121436
0.283421
0.245343
0.120926
0.164361
0.271036
0.092653
0.008583
0.062343
0.318505
0.197944
0.051873
0.133731
0.100612
0.307268
0.447721
0.15344
0.175557
0.216644
0.676099
0.114219
0.169232
0.083411
0.401745
0.345284
0.045226
0.141589
0.121641
0.433835
0.272364
0.179389
0.160505
0.033815
0.396999
0.122984
0.129922
0.141749
0.149636
0.428285
0.21848
0.443607
0.076665
0.180262
0.16328
0.161965
0.165653
0.70217
0.243872
0.047541
0.140193
0.086722
0.211864
0.380578
0.205202
0.206875
0.152921
0.181905
0.054232
0.240222
0.24342
0.025814
0.168721
0.064696
0.265542
0.063539
0.173365
0.049852
0.36034
0.141625
0.286526
0.076839
0.156638
0.090983
0.35208
0.522466
0.632991
0.138458
0.110024
0.099447
0.134706
0.477475
0.477028
0.185512
0.118548
0.13955
0.277137
0.37755
0.155859
0.08081
0.083047
0.063255
0.098483
0.106222
0.05874
0.638195
0.25289
0.322393
0.2769
0.215866
0.73543
0.231625
0.232651
0.127412
0.907687
0.390827
0.374907
0.062334
0.337326
0.255379
0.107144
0.199709
0.133223
0.136217
0.097117
0.215873
0.122651
0.274363
0.074284
0.44734
0.303409
0.284815
0.092542
0.111259
0.130124
0.501248
0.018779
0.248739
0.052003
0.1351
0.191838
0.027669
0.289251
0.030423
0.356017
