0.008331
0.014021
0.025886
0.784272
0.23868
0.25191
0.001709
0.003383
0.926791
0.03644
0.002712
0.008645
0.68427
0.071729
0.035305
0.338624
1.546032
0.000288
0.009233
0.082748
0.818063
0.074669
0.008136
0.04503
0.225734
1.550632
0.553825
1.594034
0.041721
2.055966
0.021391
1.278821
0.04514
0.021362
0.110811
0.000592
0.101245
0.038567
0.151577
0.001136
0.025363
0.273259
0.915681
0.797137
0.075307
0.069089
0.764584
1.327528
0.057637
0.034405
0.011859
0.273938
0.037546
0.011102
1.208417
0.457328
0.600636
0.655898
0.566938
0.152466
0.009451
0.00683
0.065752
0.678869
1.028247
0.315748
0.021431
0.012806
0.009193
0.01404
0.039725
0.832951
0.000283
0.329953
0.001175
0.04613
0.311976
0.141406
0.001847
0.000191
0.023415
0.371605
0.000836
0.064318
0.026264
0.058485
0.502487
0.891155
0.066376
0.016631
0.593464
0.033776
0.243443
0.119503
0.454648
0.023794
-1.7e-05
0.599746
0.121628
2.2e-05
0.546385
1.13619
0.453265
0.110459
0.176516
1.012617
0.137953
0.006144
0.418197
0.007881
1.107361
0.173427
0.001517
0.001893
0.449545
0.260265
0.002675
0.307214
0.080332
0.688255
0.003072
0.111084
0.090021
0.181097
0.201973
0.000466
0.016672
0.349767
0.213632
0.101289
0.051358
1.687548
0.028409
0.172219
0.251404
0.001187
0.462402
0.316798
0.034986
0.399364
0.203458
0.180846
0.27715
0.545763
0.228285
0.175344
1.098736
0.017125
0.470171
0.6653
0.140585
0.235257
0.052885
0.000242
0.149078
2.6e-05
-2e-06
0.298981
0.474092
1.421807
0.003712
0.279749
0.106941
0.587489
0.20947
2.423637
0.000115
0.694762
0.005707
0.003371
0.073462
0.66189
0.133678
0.012312
0.333016
0.370934
0.20697
0.70862
0.109308
0.483526
0.083685
0.15331
0.056155
0.086842
0.051176
0.096272
0.714624
0.062965
0.041722
0.280884
0.054602
0.375761
0.556218
0.080865
0.55567
0.063928
0.307073
0.014352
0.105031
0.013846
0.055039
0.001108
0.036792
0.001408
0.087588
0.006601
0.007219
0.096362
0.138012
0.83063
0.171811
0.61485
0.500215
0.104965
0.003296
0.55103
0.259696
0.140745
0.150808
1.092722
0.06588
0.272497
0.332488
0.593011
0.694267
0.081104
0.191116
0.437456
0.197497
0.00047
0.000181
0.542133
0.120528
0.058567
0.513241
0.082057
1.563768
0.113485
0.101056
0.066136
0.298985
0.127372
0.090745
0.627202
0.023744
0.484298
0.819632
0.218503
0.109917
0.531301
0.470398
0.048024
0.722196
0.234137
0.16832
0.045755
0.470783
1.083751
0.019661
0.273074
0.050172
0.026957
0.190368
0.065122
0.888407
0.019385
0.021389
0.441199
0.092018
0.221061
0.271375
0.564642
0.298358
2.847345
0.034708
0.815466
0.201446
0.650684
0.354399
0.462231
0.120025
0.078956
0.837146
0.027575
0.178174
1.097002
0.0114
0.651727
1.147252
0.482189
0.483224
0.058109
0.168219
0.640378
0.211265
0.399623
0.012245
0.050563
0.023546
0.311965
0.067682
0.166043
0.451166
0.003656
0.060635
1.138499
0.030246
0.202161
0.001091
1.690087
0.242125
0.835173
0.18901
0.501049
0.801155
0.220937
0.089547
0.028422
0.392755
0.566199
0.830139
0.004656
1.038775
0.097983
1.240783
0.032268
0.265392
0.150039
0.077016
0.030451
0.415552
0.139604
0.024403
0.072406
0.137594
0.034963
2.750985
0.538058
0.170952
0.5842
0.311317
0.126829
0.474216
0.01018
0.254258
0.116917
0.225289
0.003192
0.226396
0.6008
0.072743
0.001271
0.028638
0.261387
0.172924
0.067936
0.035264
0.310055
0.130944
0.011778
0.259831
0.219317
0.036889
0.047554
0.023696
0.371855
0.022283
2.3e-05
0.008826
0.000629
0.000904
0.009105
0.29118
0.180965
0.384642
0.012543
0.319998
0.00126
0.045097
0.000253
0.148856
0.273586
1.16664
0.234253
0.356179
0.158596
0.270551
0.005522
0.912395
0.115852
0.014046
1.387502
0.021079
0.496262
0.376301
0.088123
0.074703
0.592419
0.01162
0.14411
1.057491
0.163259
0.047583
1.001096
0.669564
0.059638
0.209142
0.481583
0.000581
0.195292
0.247813
0.033039
0.383397
0.095288
0.780854
0.157964
0.283949
0.83941
0.09753
0.742827
-1.8e-05
1.161631
0.010211
0.015291
0.009204
0.660158
1.97429
0.172056
0.329721
0.250028
0.268708
0.040224
0.027117
0.097042
0.06571
2.027721
0.138817
0.027563
0.189162
0.03718
0.198592
0.590015
0.293608
0.00043
0.017014
0.148485
0.000336
0.250065
0.618621
1.707663
0.903593
0.070035
0.022015
0.023078
0.083702
1.515641
0.011621
0.009491
0.382638
0.085322
0.011004
0.000575
0.011105
0.147992
0.157398
0.006152
0.635291
0.020304
0.40488
0.49925
0.053748
0.001604
0.021042
0.749471
0.152272
0.235199
0.233263
0.188906
0.145139
1.249554
0.082371
0.035642
0.541251
2.582086
0.015145
1.174712
1.102124
0.405916
1.038621
0.642926
0.03647
0.011111
0.000924
0.480598
0.019747
4e-05
0.027214
0.126268
0.397773
0.862109
0.613024
0.005398
0.089401
1.105185
0.093591
0.001205
0.800834
0.576048
1.896932
0.095622
0.123958
0.001978
0.05826
0.336514
0.065342
0.464976
0.397357
0.524323
0.439888
0.059013
0.729886
0.338906
0.000225
0.087354
0.522205
0.602359
0.359781
0.339881
0.154865
0.055709
0.180723
0.164713
0.367926
0.224444
0.014034
1.566896
0.030739
0.000507
0.003341
0.571059
0.010912
0.052965
0.452843
0.680654
0.029691
0.137952
0.124451
0.681497
0.261866
1.552022
0.25129
0.202432
0.049184
0.154693
0.148027
0.457649
0.021598
0.611869
1.255565
0.278089
0.044876
0.175628
0.336694
0.001336
0.000302
0.054983
1.476537
0.000336
0.003414
1.118859
0.15476
0.004725
0.028295
0.125825
-7e-06
0.138205
0.281808
0.158707
0.03023
7.8e-05
0.010288
0.154415
0.486973
0.002493
0.87286
0.015745
1.095878
0.000805
0.343036
1.039114
0.014261
1.704503
0.000171
0.308144
0.03393
0.406599
0.183245
0.034234
1.293893
0.042113
0.49369
0.038839
1.153232
0.145341
0.126674
2.9e-05
0.097239
0.337
0.104729
0.123566
0.03059
0.001599
0.020048
0.058516
0.982011
0.221742
0.030533
0.401507
0.166092
0.096189
0.146006
1.062814
0.750137
0.083107
0.292831
0.052314
0.002969
0.992099
0.228532
0.054838
0.116505
1.397317
0.119316
0.01582
0.075891
0.304031
0.02629
0.003469
0.248056
0.810383
0.191484
-1.4e-05
0.036545
0.112441
0.12515
0.824787
0.156704
2.145239
0.237025
0.082275
0.083843
0.163752
0.001269
1.189188
2.181164
0.035433
0.673668
0.061141
0.00244
0.059541
0.026525
0.028616
1.062621
0.992248
0.28552
0.06604
0.034759
0.174211
0.037721
0.210484
0.102789
1.727791
0.383454
0.094156
0.117928
0.427413
1.327215
0.755698
0.275341
1.115056
0.158837
0.520708
0.250169
0.05099
0.044885
0.03165
0.515386
0.240902
0.155747
0.043767
0.794565
0.011719
0.184367
1.327086
0.005612
3e-06
0.507901
0.090439
0.324866
0.046672
0.044047
0.384969
0.356636
1.756329
0.68318
0.056761
0.160601
0.014314
0.554391
0.342695
0.003843
0.340115
0.005494
0.032983
0.437049
0.903872
0.391694
0.007481
0.003225
0.130257
0.010353
0.105284
1.586861
0.152971
0.814913
0.584952
0.100081
0.184571
1.473031
1.282271
0.762973
0.06046
0.00749
0.174383
0.184262
0.072243
0.078053
0.434318
0.008986
0.075097
0.000121
0.018037
0.006616
0.183303
0.436146
0.047933
0.707203
0.362468
0.14192
0.082392
0.342744
0.178857
0.047048
0.023597
0.027403
0.093221
0.150195
0.03036
0.012314
0.302518
0.00596
0.050742
0.008258
0.275717
0.643388
0.110974
0.398073
0.032055
0.103249
0.450949
0.057298
0.093914
0.019353
0.056391
0.05043
0.366208
0.01036
0.51368
0.596908
0.163764
0.774239
0.021643
0.006925
2.364444
1.00276
0.107587
0.084239
0.030136
0.177
0.000192
1.442741
0.489125
0.197101
0.164144
0.087412
1.489818
0.168395
1.144193
0.43812
0.148385
1.034021
0.939481
0.206683
0.161396
0.024139
0.233857
0.132641
0.333337
0.595079
1.039443
0.253395
0.001167
0.770401
0.402692
0.208299
0.443579
0.002802
0.156635
0.004133
0.000168
0.295352
0.093415
0.172258
0.761245
0.689039
0.31337
0.02454
0.007747
0.089966
0.184179
0.044863
0.220252
1.625313
0.016718
0.113225
0.047365
0.114932
0.000268
0.012612
0.211002
0.399486
0.242231
0.205841
0.142974
0.598928
0.000277
0.964544
0.231739
0.195257
0.872362
0.443043
0.071995
0.500315
0.056232
0.687163
0.000489
0.000551
0.042859
0.917538
0.004615
0.052184
0.107459
0.735007
0.22063
0.036013
0.300613
0.797598
0.563956
2.104592
0.186444
0.741762
0.52312
0.038538
0.13352
0.64749
0.009059
1.102115
0.01038
1.232593
1.266003
0.23585
0.114729
0.281679
0.342658
0.299017
0.140165
0.359575
0.039599
0.961157
0.067171
0.136937
0.636302
0.016657
0.670185
0.224387
0.02026
0.167
-0.000111
0.16147
0.349573
0.246587
0.187994
0.209006
0.117695
0.030353
0.085777
0.310394
0.006768
0.006318
0.360735
0.058592
0.368307
0.023685
1.252057
0.270964
1.329681
0.321342
0.006066
0.133936
0.603516
0.314079
0.001816
1.747567
1.439242
0.013856
0.206008
0.435392
0.214329
0.161145
0.024666
0.586785
0.574079
0.296981
0.044728
0.901939
0.031281
0.008204
0.007693
0.045823
0.088785
0.000183
0.001198
0.472308
0.480568
0.293591
0.070453
0.028327
0.17265
0.054141
0.54244
1.153914
0.506478
0.370859
0.076568
0.363626
0.288567
0.214863
0.205915
0.364847
0.004605
0.134175
0.036043
0.117168
0.502825
0.004087
0.051052
0.560704
0.03127
0.494061
0.952438
0.031205
0.005149
0.773572
0.092061
0.055266
0.100862
0.008783
1.027528
0.780428
0.593148
0.021228
0.274757
0.507949
0.038599
0.012952
0.424893
1.465104
0.14139
0.606137
0.012841
0.19044
0.006927
0.40954
0.492219
1.418629
0.09053
0.431483
0.000349
0.053044
0.00282
0.163161
0.132028
0.098461
1.107808
0.55726
1.842148
0.112355
0.547249
0.012333
0.881169
0.14731
0.83868
0.892261
0.388632
0.468239
0.419975
0.0373
0.005243
0.240894
0.098444
0.047408
0.12742
0.826161
0.10887
0.008837
0.309771
0.021564
0.024184
0.352172
0.033183
0.344459
0.810055
0.018849
0.272695
2.074352
0.006017
0.049205
0.19765
0.783439
0.027113
0.017814
0.092635
0.083531
1.024762
0.032127
0.273528
0.938082
0.141516
0.137818
0.106214
0.196984
0.310188
0.274811
1.029284
0.130437
0.753688
0.124297
0.011294
0.041548
0.28863
0.25456
0.518434
0.128999
0.039812
-8e-06
0.02416
0.479285
0.298422
1.573729
0.339619
0.853232
0.215795
0.124315
0.722585
0.500505
0.048469
0.014944
0.007066
0.381124
0.00739
0.523343
0.262802
0.000676
1.472938
0.35078
0.161076
0.124411
0.115959
0.132333
0.045029
0.029671
0.036494
0.001072
0.344435
1.320627
0.245549
1.152989
0.023022
0.732276
0.169084
0.138624
0.002319
0.290977
0.289446
0.228002
0.023633
0.558739
0.713847
0.001961
0.565515
0.342971
0.057307
0.065428
0.421718
0.173896
0.421185
0.011204
0.011809
0.029437
0.021479
0.028107
0.272313
0.105519
0.747738
0.016228
0.000952
0.192598
0.136019
1.413284
0.172797
1.014618
0.052882
0.055095
0.893969
0.720086
0.208906
0.009798
0.611524
0.637097
0.966902
0.013399
0.04155
0.117992
0.066463
0.140319
0.230905
0.063958
0.02418
0.316972
0.761892
1.163879
0.000189
0.761256
0.015544
0.002502
1.080537
1.308997
0.019178
0.974887
0.351037
0.051558
0.006191
0.002885
0.49139
0.270719
0.608684
0.009141
0.708294
0.295961
0.026488
0.224361
0.021438
0.162102
0.23775
0.214216
0.049215
0.474386
1.340998
1.661372
0.693221
0.69926
0.111607
1.676703
0.01419
0.174466
0.961425
0.206671
0.422789
0.145593
0.000835
0.329053
1.835769
0.506668
0.010344
0.429342
0.000226
0.017563
0.521246
0.001799
0.530298
0.027061
0.313702
0.095191
0.031069
0.735693
0.917825
0.152654
0.007027
0.107641
0.009338
1.811837
0.007402
0.457793
0.356103
0.01485
0.00207
0.328462
0.066844
0.071854
0.03402
0.292717
0.0574
0.105703
0.571697
0.006854
0.328473
0.239208
0.063295
0.064949
0.575692
0.75632
0.226279
1.541438
0.285811
0.755509
0.191731
0.015967
2.23141
0.471411
0.20114
0.684233
0.258428
0.169685
0.011067
0.035048
0.210587
0.003678
0.149541
0.010423
0.000502
0.120977
0.060262
0.32206
1.005459
2e-06
0.185554
0.396256
0.204566
0.246532
0.01542
0.012775
0.162673
1.799667
0.917209
0.264955
0.028611
0.02746
1.352204
0.167623
0.238665
0.186797
0.559403
0.457612
0.273333
0.060386
0.319215
0.041489
0.214147
0.001262
0.271344
0.630844
0.00151
0.000221
0.093831
1.254311
0.039114
0.47367
0.011578
0.056898
0.074952
0.109794
0.516579
0.724056
0.043474
0.000272
0.012979
0.104936
0.014503
0.006615
1.647779
0.344865
0.367809
0.105797
0.015754
0.050218
0.958095
0.942553
0.102501
0.040502
0.02185
0.001747
0.032938
0.75292
0.575501
0.04627
0.111425
0.078081
0.002154
0.051894
0.027637
0.060209
0.067352
0.648402
1.018846
0.114636
0.918087
0.0318
0.001362
0.112839
0.030268
0.069497
0.21713
0.773066
0.207883
0.363218
0.169861
0.084725
0.347387
0.017282
0.035406
0.424542
0.881586
0.008782
0.276025
0.090441
0.146576
0.000758
0.118039
0.009272
0.048343
0.149705
1.100486
0.058546
0.110573
0.214475
0.104283
0.060064
0.210733
0.365275
0.048802
1.750491
0.544706
0.078751
0.290542
0.116297
0.008128
0.137353
0.184504
0.07363
0.211055
0.011507
0.414135
0.597461
-1.7e-05
0.021594
0.349714
0.307483
0.016083
0.167931
0.377112
0.24819
0.003637
0.239429
-0.00013
0.183251
0.034383
0.177065
0.733142
0.707965
0.025405
0.715916
0.002785
0.559298
0.827201
1.010008
0.095266
0.006415
0.013284
0.173733
1.06571
0.088253
0.201509
0.006921
0.149726
0.064604
0.827443
0.005451
0.088301
0.001909
0.167891
0.000523
0.004978
0.543826
0.111061
0.057755
0.090199
0.138111
0.047342
0.002306
0.724552
0.022783
0.95102
0.016659
1.521686
1.187318
0.312056
0.110347
0.004077
1.037159
0.684231
0.00778
0.77805
0.081674
0.053325
0.461374
0.167076
0.135999
1.947966
0.075312
0.072127
0.219099
0.000899
0.326376
0.28443
0.291491
1.326877
0.002256
0.752189
1.572516
0.230891
0.484834
0.126792
0.53396
0.075955
0.174745
0.031917
0.011748
0.558278
0.27284
0.098014
0.24359
0.025871
0.208054
0.667982
0.186413
0.005075
0.2516
0.756228
0.632002
0.364622
0.010696
0.113111
0.521468
-0.000103
0.48659
0.493266
0.54345
0.638932
0.243566
0.136934
0.335676
0.033189
0.000428
0.39695
0.103399
0.848639
0.657776
0.582554
0.010491
0.299774
0.032362
0.931622
0.160945
2.515237
0.044727
1.8e-05
0.591522
0.003747
2.285731
0.048076
-5.4e-05
0.036351
0.274069
0.072174
0.00557
0.02545
0.146695
0.058975
1.211419
0.00543
0.12939
0.029224
0.046153
1.025363
0.00749
0.653222
0.012863
0.056979
1.607778
0.552286
0.375458
0.009925
0.246059
0.877161
0.025699
0.644692
0.306658
0.035225
0.107603
0.107349
0.061101
0.047496
0.089038
0.544515
0.183577
0.032708
0.008419
3.025638
0.712328
0.609816
0.093079
0.010123
0.216235
0.009356
0.307623
9.9e-05
0.363611
0.357184
1.986362
0.017835
1.580128
0.48736
0.001081
0.087882
-2.2e-05
0.3383
0.117847
0.01527
1.923805
0.0074
0.846386
0.372184
0.8158
0.245577
0.541972
0.068981
0.114974
0.24832
0.0007
0.977023
0.3819
0.002078
0.454102
0.102833
0.090844
0.440259
0.035295
0.00371
0.653559
0.305005
0.020631
0.433148
0.062383
1.323612
0.256301
0.014923
0.102255
0.377187
1.200656
0.458327
1.089052
0.283114
0.680166
0.106996
0.18682
0.00708
0.267701
0.411287
0.2774
0.033139
0.176777
0.409229
0.009012
0.475955
0.007284
0.96462
0.138981
1.745917
0.558068
0.150294
0.796327
1.128919
0.389398
0.772206
0.000333
0.020829
0.013552
0.700237
0.06134
0.022992
0.080033
0.203227
0.347249
0.456846
1.743316
0.422139
0.048415
0.000342
0.772649
0.011409
0.182466
1.43039
0.275076
0.310072
0.974698
0.000432
0.036965
0.230425
1.03978
0.362373
0.533813
0.164215
0.072439
0.107055
1.453915
0.514152
1.726211
0.294248
0.344937
0.277165
0.073533
0.165669
0.090304
0.118275
0.060518
0.235717
0.004759
0.616162
-4e-06
0.173183
0.034321
0.038537
0.387422
0.541353
0.094407
1.489179
0.114216
0.003545
0.093888
0.034595
0.369424
0.09145
-9e-06
0.547994
0.784265
0.371017
0.552593
0.010686
0.172445
0.075011
0.000439
0.027069
0.310453
0.879159
0.758284
0.000518
0.040144
0.043697
0.180344
0.564115
0.223258
0.105289
0.002893
0.396558
0.028839
0.002623
0.049072
0.001489
0.084388
0.374268
0.266425
0.046691
0.494827
0.267614
0.356967
0.001986
0.10238
0.027568
0.003078
0.01023
0.266556
0.209813
2.161509
0.646902
0.105863
0.024716
0.391817
-2.6e-05
0.004152
1.313909
0.183339
0.240825
0.026433
0.048675
0.109039
0.573383
1.3e-05
0.492687
0.893249
0.082145
0.962646
0.009746
1.3e-05
0.054688
0.152657
0.007496
0.26732
0.033185
0.116612
0.304162
0.262596
-9.4e-05
0.052446
0.446638
0.528074
0.252871
0.25194
0.023026
0.678044
0.262754
0.20229
0.142382
0.220468
0.017302
0.313334
2.876054
0.725558
1.185239
0.336567
0.004963
1.283782
0.516211
0.306758
0.131612
0.176706
0.295706
0.081241
0.205465
0.634293
0.236107
0.01824
0.360352
0.804883
1.825698
0.041434
1.224354
1.430511
0.030495
0.43302
0.064281
0.009911
0.077146
0.24862
0.236663
0.000538
0.033791
0.012209
0.00482
0.669634
0.044675
0.038163
0.007145
0.422867
0.460385
0.137442
0.000546
0.006106
0.57747
0.009687
0.036627
0.016828
0.198968
0.937339
0.067153
0.454046
0.003373
1.690451
-3.8e-05
0.043109
0.034319
0.001851
0.013206
0.000157
0.697883
0.011501
0.216366
1.517248
0.700288
0.043907
0.149802
0.082591
0.008675
0.037602
0.000178
0.201211
0.100196
0.603316
0.532357
0.01452
0.005305
0.001813
0.85639
0.069998
1.008162
0.025164
0.00253
0.211352
0.313663
0.39013
1.098295
0.074443
0.615598
0.556378
0.441063
0.004408
0.009933
0.374179
0.018171
0.053478
0.027561
0.076113
0.273633
-9.4e-05
0.067744
0.44085
0.382409
0.488261
0.016284
0.098412
0.475331
0.10954
0.106115
0.133906
0.067726
2e-06
0.141033
0.349655
0.254372
7.2e-05
0.55198
0.139279
0.229761
0.418279
0.179362
0.066114
0.154318
0.00375
0.010253
0.269678
2.388823
0.353257
0.027677
0.489157
0.796335
0.591115
0.248171
0.437538
0.844107
1.491589
0.751791
0.566638
0.751747
0.06474
0.191526
0.012253
0.583415
0.003163
1.005025
0.026882
0.033179
0.038038
0.039266
0.00019
0.18604
0.048563
0.295589
0.156741
1.844943
0.064779
0.711034
0.00087
0.464225
0.052974
0.197182
0.048693
0.066988
0.316887
0.02833
0.03072
0.086004
0.486435
-7.7e-05
0.817491
0.002601
0.097625
0.001073
0.058102
0.645513
0.019844
0.320692
0.045412
0.61909
1.041347
0.045671
0.026466
0.576721
1.624233
0.094996
0.16811
0.195974
0.335264
0.963889
1.125617
0.002349
0.047203
0.306293
0.002059
0.374427
0.446923
0.002319
0.374289
0.220861
0.029354
0.04748
0.026654
0.623619
0.078078
0.51271
0.003471
0.171504
0.689349
0.288425
0.561451
0.632811
1.33913
0.065458
1.395464
0.128808
0.009749
0.296429
0.03886
0.000424
0.666833
0.570909
0.044564
0.394953
0.021973
0.003634
0.048434
0.773885
5.5e-05
0.004975
0.613357
0.012041
0.203846
0.15669
0.609983
0.094494
0.455574
0.397271
0.506584
0.40952
0.780076
0.060681
0.074759
0.992365
0.494161
0.575995
0.043465
0.146117
1.833785
0.289018
0.145494
3.6e-05
1.3424
0.029234
0.463373
0.000187
0.042303
0.001659
0.311151
0.316365
0.010335
0.176579
1.093464
0.250667
0.393304
0.415262
0.847798
0.06693
0.104913
0.801165
0.058438
0.122005
0.840794
0.063866
0.157613
0.003884
0.254633
0.183171
0.256106
0.776471
0.044738
0.101987
0.010893
0.021294
0.774941
0.123202
0.678573
0.266008
0.339059
0.746054
0.007394
1.040968
0.001627
0.502468
0.028907
0.081171
0.03239
1.269406
0.133213
1.970619
0.381203
0.019705
0.042241
0.361053
0.089035
0.01616
0.51453
0.00049
0.193207
0.006618
0.734218
0.190625
0.470944
0.191527
0.778321
0.313956
0.536483
0.278179
0.840021
0.670674
0.112135
0.002026
0.015268
0.008374
0.032462
0.154797
0.603044
0.183979
0.227619
0.205625
0.008926
0.457818
0.338435
0.018905
0.105606
0.796938
0.103792
0.058466
1.303914
0.783279
0.231523
0.327154
0.035331
0.650257
0.000729
0.058685
0.040438
0.128007
0.031425
0.383524
0.004862
0.048314
0.066334
0.014598
0.036337
0.331233
0.451036
0.699014
0.020535
0.027924
0.659776
0.568708
0.547299
0.088266
0.284945
0.001677
0.071492
0.360362
1.496305
0.394847
0.017808
0.807665
0.135921
0.729582
0.038546
0.263656
0.232353
0.131558
1.166512
0.315731
0.011486
0.163007
0.390012
0.772376
0.408908
0.016705
0.062022
0.725033
1.18269
0.205129
0.236019
0.990511
1.250874
0.23508
0.009838
0.051662
0.568079
0.312788
0.43532
0.039793
0.008598
0.652265
0.013377
0.734729
0.111505
0.182651
1.357492
0.279031
0.029027
1.076912
1.060422
0.291854
0.599111
0.235684
0.020897
0.671824
0.132765
0.008186
0.237561
0.083919
1.810947
0.035781
0.397536
0.239456
0.004349
0.062528
0.174855
0.343265
0.025242
0.406519
1.651341
0.359692
0.542035
0.067156
0.007327
0.002121
0.010255
0.112451
0.282586
0.00116
0.050124
0.004247
0.029848
0.970662
0.017066
1.130556
0.528544
0.000838
0.418534
0.029694
0.092067
1.405649
2.50207
0.132364
0.503726
0.52139
0.184665
0.441331
0.367234
0.186964
0.005732
0.125775
0.113494
0.05554
0.407425
0.077463
0.236845
0.743262
0.945757
0.016773
0.063102
0.099779
0.92447
1.204842
0.027954
0.107369
0.028969
0.090274
0.556544
0.679352
0.164342
0.50716
0.284838
0.062529
0.000627
0.890625
0.071091
0.193965
0.603041
0.004054
0.087139
1.156598
0.132824
0.155548
0.025229
0.371711
0.144686
0.202774
0.00048
0.013435
0.256627
0.682569
0.02563
0.320932
0.023571
1e-06
1.441912
0.3371
0.04709
0.640075
3.3e-05
0.000269
0.017526
0.24184
0.023542
0.054507
0.087746
0.494968
0.002684
0.12977
2.861844
1.622224
0.075631
0.12128
0.000867
0.423311
0.489891
0.299702
0.00021
0.147857
0.348187
0.050989
0.067962
0.226839
0.17839
0.353334
0.059447
2.621367
0.167248
0.002041
0.452034
0.156703
0.680535
0.146437
0.027108
0.006883
0.452505
0.223757
0.060396
0.7601
0.156159
0.228842
0.002657
0.53957
1.124269
0.299484
0.056464
0.335574
0.030219
0.060038
0.045437
0.29396
0.481726
0.003007
0.002916
0.149902
0.075018
0.304388
0.003622
0.009841
0.799117
0.555223
0.302726
0.50048
0.497973
0.090075
0.018081
0.007798
0.430326
0.660089
0.46997
0.360547
0.115926
0.053326
0.117252
1.010851
0.707921
1.960162
0.460854
1.043505
0.118842
0.000275
0.052251
0.69467
0.085674
0.026316
1.757804
0.053764
0.113088
0.00351
0.55067
0.743701
0.023218
0.043187
0.314738
0.011597
0.087372
0.000365
0.477271
0.040482
0.121331
1.152337
0.03781
0.172811
0.804997
0.000755
0.216629
0.006781
1.275208
0.004204
0.114702
0.215928
0.548945
0.05737
0.003077
0.531835
0.981473
0.032067
0.273301
0.721073
0.761605
0.787462
0.042578
0.060902
0.204394
0.574136
0.008747
0.198459
0.58359
0.008882
0.002002
0.027029
0.640813
0.008722
2.008386
0.001084
0.164271
0.241488
0.455926
0.161128
0.013394
0.010144
0.050475
0.165446
1.314892
0.157006
0.303229
0.03709
0.651778
0.062238
0.018778
0.034041
0.229377
0.112933
0.852751
0.689912
0.000123
0.380072
0.40851
0.780245
0.692713
0.463945
0.122234
0.062274
0.024076
0.589434
0.039644
0.401708
0.002492
0.120792
0.022655
0.589713
0.096475
1.28756
0.755727
0.034397
0.006548
0.219146
0.000101
0.161927
0.194863
0.038915
0.028156
0.127503
0.27586
2.921896
0.224205
0.046112
0.837144
0.452363
0.10216
0.230933
0.237333
0.001226
0.010369
0.000296
0.013303
0.211589
0.325633
1.131683
0.001568
1.793777
0.043767
0.016874
0.104749
0.174483
0.041557
0.016101
0.831407
0.300942
0.903642
0.034513
0.579274
0.055297
0.010937
0.408655
0.034021
0.144254
0.0002
0.016425
0.417341
0.000672
0.09311
0.09633
0.408072
0.227792
0.000489
0.828422
0.181258
0.332696
0.044653
0.155345
0.449248
0.002475
0.041988
0.606475
0.275188
0.666181
1.139588
1.260647
0.326598
0.215647
0.594966
0.203835
0.031408
0.237295
0.019142
1.085226
0.385392
0.716152
0.018072
0.14599
0.12397
0.427777
0.059882
0.261598
0.215415
0.068468
0.006151
0.111268
0.157792
0.044338
0.663418
0.190643
0.014947
0.34757
0.803137
0.244555
0.199873
0.238984
0.544732
0.458217
0.020664
0.023919
0.372742
1.350923
0.030869
0.156303
0.069126
0.027176
0.739083
0.221742
0.62037
1.277592
0.338467
0.162615
0.348825
0.613651
0.762849
0.028397
0.256404
0.92387
0.001923
0.750179
0.048231
0.170827
0.145444
0.415062
0.111419
0.051414
0.021137
0.207506
0.149317
0.554094
1.019098
0.421975
1.054044
0.022474
0.074188
0.175949
0.274184
1.463086
0.178996
0.001993
2.534491
0.096479
0.141736
0.170332
0.231563
0.56951
0.398711
0.594801
0.024503
1.242481
0.02341
0.012148
0.152451
0.009571
1.208904
0.268333
0.082824
0.742785
0.911318
0.00265
0.010521
0.000255
0.474991
0.249682
0.30104
0.862996
0.172209
0.255573
0.016691
0.103543
0.340634
1.324771
2.035409
0.105648
0.210616
0.0154
0.068702
0.048314
0.402425
0.624334
0.252803
1.465554
0.049691
0.000933
0.301609
0.389405
0.540304
0.283885
0.068746
0.374067
0.781382
1.95579
0.039939
0.025349
0.030458
0.011827
0.148842
0.475121
0.215485
0.006667
0.030177
0.004286
0.166496
0.087129
0.048523
0.995072
0.240479
0.353683
1.412457
0.016321
0.621238
0.090295
0.29114
0.299219
0.098569
0.113998
0.979881
-7.2e-05
1.052096
0.241108
0.019207
0.109495
0.650566
0.013898
0.305823
0.449523
1.669525
0.07838
0.008119
0.024733
0.146086
0.140761
1.492912
0.439263
0.283795
0.002292
0.30433
0.106284
0.093769
0.078501
0.00427
0.14637
0.026514
0.585766
0.195143
0.438908
0.984479
0.447876
0.479112
1.042584
0.04753
0.541467
0.126337
1.03551
-0.000232
0.20899
0.900567
0.048599
1.532962
0.124276
0.151651
0.397716
0.006593
0.004681
0.354214
0.064379
0.017506
0.643519
0.000245
0.464035
0.036725
0.002315
0.02769
0.089353
0.156125
0.024952
0.031143
0.760234
0.29995
0.010779
0.793659
0.037733
1.756289
0.047307
0.871382
0.074243
0.699004
0.554227
0.012706
0.14904
0.459582
0.156879
1.400812
0.040547
0.356715
1.378986
0.014325
0.007747
0.098064
0.007645
0.285684
0.826504
0.37552
0.00974
0.035359
0.639522
0.234252
0.047424
0.00384
0.239607
0.291
0.013742
0.134434
0.257374
0.16193
0.326096
0.084114
0.887
0.407565
0.001981
0.469419
0.093195
0.212462
0.071623
1.183017
1.141536
0.070013
0.005534
0.481733
1.024562
-5.3e-05
0.458695
0.716256
0.22639
0.047511
0.083916
0.852815
0.079505
0.046004
0.000244
0.012235
-9e-06
0.563765
0.029096
0.12015
0.05017
0.628618
0.9785
0.750497
0.098152
0.081281
0.089879
0.000551
0.858091
0.003954
0.00032
0.705669
0.124334
0.906679
0.0274
0.181304
0.025224
0.010267
0.043464
0.266979
0.109513
0.010473
0.192789
0.158786
0.048664
0.612978
0.060789
0.010746
0.004456
0.905473
0.335275
0.392001
0.598999
0.725035
0.59299
0.072456
0.025216
0.094447
7e-06
0.114834
0.338058
0.001976
0.005009
1.011017
0.037569
0.165119
0.164326
2.173495
0.005679
0.924394
1.426574
1.168913
0.140903
0.566758
0.481759
0.052181
0.001055
0.052126
0.03233
0.258354
0.063107
0.104886
0.006047
0.019019
0.043203
0.986482
0.08891
0.256499
0.328547
0.226316
0.068178
0.015761
0.111343
0.564363
0.599529
1.166297
0.371284
0.44986
0.876723
0.141672
0.008939
0.000514
0.040915
0.001588
0.478413
0.145263
0.160686
0.014591
0.459006
0.231801
1.162666
0.207009
0.848234
1.069692
0.154119
0.026116
0.784563
0.9761
0.466754
0.265118
0.758301
2.236281
0.289777
0.092714
0.014194
0.447069
0.028167
0.159057
0.031561
0.143842
0.034001
0.04909
0.083699
0.30244
0.532985
0.208483
0.006378
0.30427
0.100733
0.875544
0.018787
0.24903
0.022045
0.147011
0.30091
0.45191
0.559026
-9.9e-05
0.02942
0.148748
0.094797
0.011737
0.101162
0.012864
0.665505
0.112204
0.070398
0.005039
0.008897
0.522576
0.652891
5.3e-05
0.00826
0.197986
0.316809
0.000891
1.368018
0.086615
0.065588
0.76161
0.230067
0.193559
0.197907
0.254672
0.710407
0.008764
1.354955
0.25935
0.297178
0.009059
0.072812
0.003381
0.200657
0.16212
0.034671
0.113957
0.218059
0.19237
0.011292
0.431741
0.400523
0.402426
0.237193
0.030856
0.005886
0.026824
0.061138
0.168474
0.030265
0.189094
0.003974
0.159624
0.368058
0.033024
0.036462
0.625657
0.295727
0.009335
2.377794
0.061804
0.128163
1.048468
0.251422
0.884826
0.278193
0.153865
0.056866
0.18711
0.67333
0.174709
0.022414
0.098491
0.003864
1.295296
0.003793
0.322902
0.337445
0.077423
0.365266
0.038805
0.785283
0.031043
0.315453
1.573112
0.51123
0.028808
1.639488
0.067837
0.579143
0.010687
0.20911
0.544872
0.137429
0.001353
1.118499
0.248167
2.101501
0.976432
0.108691
0.067444
0.125132
0.429995
0.011839
0.003116
0.04326
0.380135
0.521912
0.184626
0.001736
0.017201
0.001826
0.071323
0.238428
0.354794
0.008011
0.104165
0.186741
1.243688
0.559459
0.062618
0.170028
0.259619
0.15967
0.339722
0.116888
0.359026
0.969561
0.154602
0.370392
0.10631
0.269988
0.141405
0.195788
0.081167
0.102404
0.010993
0.133618
0.001768
0.020282
0.895514
0.050357
0.302517
0.262211
2.32374
2.521463
0.302373
0.037043
0.188624
0.107252
0.009754
0.116416
0.358206
0.432154
0.002425
0.072489
0.027696
0.096092
0.294488
0.000232
0.043951
0.123895
0.053811
0.000258
0.72277
0.269755
0.069087
0.056769
0.108216
0.652701
0.010866
0.234054
0.090772
0.262001
0.014292
0.033992
0.741809
0.045424
0.001531
0.781757
0.194153
0.11707
0.264082
0.248572
0.060449
0.081159
0.018937
0.189961
1.053472
0.242603
1.784755
0.669158
0.218736
0.260593
0.063895
0.168097
0.000682
0.082533
0.731528
0.397263
0.508083
0.153579
1.587545
0.004637
0.286328
0.578056
0.041587
0.188104
0.006958
0.013875
0.814124
0.199807
0.312568
0.169256
0.208557
0.03273
0.216977
0.25829
0.148217
1.149221
0.006615
0.016929
0.43687
0.291322
0.023124
2.327004
0.239179
0.197221
0.155639
0.180521
0.007736
0.42716
0.428191
0.105131
0.356743
0.378493
0.086256
0.126501
0.706242
0.035338
0.016839
0.042987
0.298981
1.004291
0.328934
0.106833
0.948029
0.017699
1.33159
0.625303
0.089769
0.084479
0.354469
0.005454
0.091311
0.668086
0.35866
0.147973
0.676188
0.000765
0.262255
0.140427
0.300584
0.463164
0.192614
0.663926
0.023436
0.107767
0.005753
0.039349
0.291963
0.0
0.628059
0.09507
0.046572
0.271508
0.056281
0.000126
0.10881
0.039726
0.470489
0.000803
0.275765
0.078509
0.37391
0.021455
0.003564
0.349182
0.489621
0.248873
0.010221
0.258199
0.840118
0.005678
0.234612
0.404779
2.128299
0.014658
2.041726
0.39249
0.098889
0.424711
0.129754
0.003088
0.085292
0.261917
0.234999
0.219503
0.002134
0.791514
0.135094
0.418417
0.238451
0.172418
0.385361
0.076187
0.253662
0.106768
0.047383
0.338559
0.065866
0.000503
0.31751
0.306434
0.007927
0.729635
0.004234
0.007826
0.225344
0.000239
0.372438
0.460729
0.060418
1.777585
0.658463
0.155017
0.956469
0.084979
0.051948
0.088963
0.076137
0.006288
0.181707
0.062463
0.177012
0.023634
0.253496
0.029968
0.052979
0.450048
0.752657
0.358523
0.921634
0.027663
0.043146
0.026935
0.402763
0.048666
0.00935
0.50074
0.303199
0.337283
0.076916
0.092658
0.003201
0.763828
0.024655
0.905377
0.060329
0.256707
0.005485
-5.9e-05
0.584377
0.075919
0.018651
0.493689
0.027008
0.117167
0.000227
0.11305
0.36623
0.00453
0.031978
1.231617
0.033909
0.023537
0.086472
0.086978
0.43454
0.688067
0.201636
0.052801
0.522842
0.57744
0.165454
0.170007
0.530293
0.000521
0.000462
0.469123
0.001668
1.127627
0.068027
0.075216
0.307054
0.577728
0.214456
0.017655
0.082607
0.217535
0.116658
0.103473
0.076136
1.349336
0.004133
0.005117
0.199571
0.258376
0.964391
0.130246
0.018935
0.585846
0.348353
0.173464
0.000482
0.012942
0.144113
0.901763
0.016157
0.490097
1.821814
0.381508
0.076325
0.173189
0.266522
1.203369
0.405419
0.009959
2.336208
0.069419
2.228008
-0.000287
0.325735
0.07717
0.014074
0.054832
0.106965
0.357695
0.116672
0.746442
0.000255
0.747587
0.017238
0.184414
0.279499
0.030209
0.447019
0.000753
0.683838
0.786689
0.140216
0.296095
0.46136
0.16865
0.252919
0.017882
0.258133
0.002709
0.02044
0.198965
0.013814
0.267884
1.197408
0.21249
0.063173
0.8113
0.013504
0.109523
0.321174
0.466078
0.138591
0.000317
0.074216
0.020542
0.375456
0.749634
0.111526
0.575751
0.082695
0.171601
0.612416
0.715088
1.608602
0.240493
0.00226
0.032177
0.21559
0.538817
0.086406
0.989272
0.934441
0.126139
0.029407
0.1969
0.031064
0.0014
0.842948
0.076545
0.250311
0.000122
0.159849
0.189432
0.273456
0.138184
0.261511
0.724541
0.100415
0.787667
0.023756
1.440312
0.083618
-4.8e-05
1.241152
0.209479
0.003522
0.150235
0.079204
0.417359
0.678825
0.814535
0.50708
0.209941
1.311105
0.42222
0.51421
0.075092
0.42459
0.527359
0.38419
0.10425
0.366977
0.002878
0.757135
0.000625
0.653655
0.095895
1.38222
0.176598
0.084438
0.19598
0.047848
0.005521
0.019981
-3.6e-05
0.437952
0.400799
0.041505
0.185084
0.5185
0.604442
0.478497
0.000461
0.288757
1.695763
0.491698
0.129702
0.149794
0.291227
0.082913
0.421632
0.006319
0.420989
0.282318
1.179009
0.880666
0.018302
0.000221
0.242249
1.068744
0.607267
0.109804
0.293314
0.140972
0.002231
0.002256
0.154878
0.02016
0.052038
0.006753
0.410559
0.156797
0.00043
0.229148
0.016199
0.015714
0.14446
0.059234
0.2298
0.154128
0.131763
0.054227
1.459299
0.001325
0.221651
0.009041
0.269972
1.972777
0.001986
1.027417
0.271608
0.114888
0.378134
0.969188
1.160296
1.030808
0.355053
0.750855
1.560091
0.686914
0.034923
-2e-06
0.014563
0.508034
0.09547
0.844923
0.108555
0.142941
0.751252
0.131337
0.997467
0.025229
0.050469
0.037611
0.467213
0.519463
0.097017
2.133058
0.94117
1.071318
0.036349
0.006215
0.337497
0.308908
0.062619
0.538372
0.205797
0.416819
0.010145
0.125424
0.111979
1.010831
0.012162
0.062215
0.082226
0.088837
0.085527
0.724425
0.06704
0.053843
0.053198
0.008727
0.460114
0.039229
0.29655
0.685582
0.177563
0.173289
0.241987
0.013061
0.636828
0.900201
0.312272
0.023934
0.080254
0.107761
0.024276
0.081839
0.010418
0.017105
0.0394
0.006045
0.39796
0.234074
0.000434
0.055865
0.920288
0.033564
0.002395
0.715305
1.390242
0.053661
1.6e-05
0.007085
0.457311
0.511096
0.008396
0.297386
0.06782
0.28104
0.887324
0.0017
0.137161
0.01856
0.066071
0.020602
0.072811
0.202058
0.325447
0.070016
0.020541
0.484126
0.073192
0.261267
0.428789
0.008005
1.476595
0.452987
0.002852
0.084308
0.177976
0.076658
0.012556
0.498779
1.869214
0.369529
0.123542
0.151261
0.116521
0.339351
0.117876
0.027521
0.000183
0.032695
0.326152
0.028701
0.317049
0.027157
0.262069
0.140824
0.238384
0.04617
0.561897
0.149584
0.703055
0.076357
0.766909
0.92988
1.207078
0.019181
0.000518
1.529143
0.389577
0.226694
0.095277
0.271689
0.832989
0.505607
0.367657
0.019095
0.000697
0.220946
0.198714
1.085567
0.047676
0.003511
0.050664
0.007209
0.232373
0.482432
0.010975
1.930291
0.017563
0.314388
0.006379
1.477788
0.05486
0.644762
0.034867
0.119477
0.606927
0.098536
1.6e-05
0.043816
0.284204
0.02684
0.304177
0.019432
0.014419
0.073857
0.00693
0.245939
0.332743
0.397321
1.71097
0.536435
0.007078
2.067368
0.415923
0.029665
0.240001
0.265836
0.042984
0.063978
0.354024
1.174643
0.329806
0.305398
0.156454
0.483897
0.025866
1.648022
0.032116
0.131239
0.633683
0.116705
0.232578
0.217799
0.851738
0.173916
-4.7e-05
0.331988
0.16863
0.065405
0.143407
1.003129
0.052058
1.687389
0.603573
0.008198
0.106593
0.375014
0.383362
0.326009
0.115555
0.11378
0.023807
0.188392
0.369739
0.013932
0.423797
0.229734
0.085863
0.22649
0.473165
0.007103
0.047385
0.085802
0.045832
0.102588
0.144631
0.284138
0.213047
0.095535
0.292904
-1.3e-05
0.056476
0.098156
0.81633
0.113607
0.316822
0.78562
0.15922
0.001158
0.004434
0.472012
0.381785
0.006202
0.660663
0.553054
0.723831
0.247843
0.009247
0.747368
0.094699
1.892739
0.10843
0.149459
0.60107
0.157166
1.697614
0.368542
0.169415
0.71943
2.285413
0.133498
0.303479
0.612363
1.459325
0.058218
0.041369
0.097318
0.075319
0.630285
0.168136
0.000626
0.05059
1.092413
0.126821
0.156098
0.264462
0.240051
0.106325
0.997297
0.19945
0.070628
0.051774
0.528
0.061429
0.69863
0.001731
0.377697
0.281866
0.021066
0.079015
0.024875
0.081312
0.089139
0.162761
0.252206
0.165964
0.359632
0.134132
0.934828
0.245769
0.03263
0.827596
0.165508
1.00786
0.630465
0.112565
0.240338
0.194151
0.164538
0.461885
0.108159
0.108906
0.193231
0.259517
0.049007
0.135766
0.047062
0.001221
0.001236
0.08346
0.046725
0.377839
0.323105
0.151357
0.824642
0.025479
0.078702
1.306551
0.222219
0.014042
0.0468
0.800583
0.019765
0.042649
0.194622
0.129751
0.456589
0.132874
0.013826
0.280273
0.312159
0.053999
0.121697
0.309631
1.405986
0.001406
0.001385
0.041478
0.365007
0.32553
0.338848
0.391305
0.04644
1.28885
0.325873
0.001911
0.240724
0.042282
0.011929
0.231126
1.243631
1.126431
0.871214
0.368305
0.039022
0.055149
0.999928
0.009833
0.115897
0.00664
0.002434
0.048946
3.7e-05
0.071841
0.615068
0.026668
0.002766
0.027512
1.805962
0.204555
0.094399
0.029238
0.250068
0.242345
0.418327
0.171171
0.762864
0.012617
0.780831
0.348197
0.000383
0.181846
1.218677
0.10605
0.903489
0.140077
0.230032
0.186991
0.007248
0.35408
0.096469
0.398853
0.200506
0.016553
0.110131
0.004896
0.943113
0.074031
0.07353
0.078409
0.752469
0.820899
0.001412
0.396024
1.166022
0.594991
0.881535
0.078909
0.118129
0.388759
0.093017
0.016418
0.017824
1.532768
0.002177
0.052546
0.028856
0.147421
0.032854
0.193472
0.064431
0.377859
0.342822
0.000277
0.02395
0.111224
0.00088
0.026702
0.012196
0.003648
1.573239
0.057231
0.004086
0.836372
0.021476
0.210864
0.571769
0.231031
0.159833
0.092117
0.235672
0.151882
1.532648
0.007224
0.20294
2.789427
0.026314
0.096073
0.588311
0.154541
0.411431
0.040063
0.709684
0.119244
0.2318
0.285394
0.028367
0.447138
0.296465
0.156473
0.790102
0.049911
0.065405
0.151349
0.193898
0.000435
0.803037
0.034088
0.002465
0.032921
0.726962
0.36134
1.359138
0.054856
0.134578
0.280501
0.062135
0.035449
0.210769
0.082018
0.616881
0.694537
0.152967
0.614585
0.180156
0.570752
0.154622
0.079152
1.496168
1.443397
0.114388
0.441019
0.638831
0.026447
0.261334
0.194318
0.22725
0.442202
0.167584
0.225131
0.145539
0.142227
1.142717
0.130534
0.974335
2.7e-05
0.048739
0.021889
0.627099
0.616304
0.040047
0.001684
1.065215
0.278761
0.451222
1.69646
0.038643
1.329572
0.057796
0.332804
0.506671
0.68596
0.087385
0.206832
0.287685
0.360968
0.024498
0.032753
0.112619
0.004593
0.028664
0.124407
5e-05
0.012506
1.831077
0.043114
0.331032
0.585232
0.862705
0.036844
0.203974
1.184028
0.045394
0.184955
0.276609
0.193297
0.251257
0.377682
0.007383
0.939337
0.11308
0.173764
0.049593
0.050235
0.000604
0.010349
0.36308
2.12781
0.130765
0.322489
0.061092
0.00297
0.250502
1.816195
1.180674
0.06971
0.02661
0.004052
0.103366
0.163265
0.405762
0.000642
1.139304
0.376703
0.022076
0.239679
0.009455
0.1601
0.137875
1.456601
0.025631
0.213869
0.250637
0.012603
0.073946
0.427726
0.018074
0.486439
0.327301
0.939096
1.658787
0.008081
0.186203
0.055295
0.138231
0.045119
0.646818
0.187344
0.223111
0.132202
0.094588
0.030627
0.695821
0.03764
0.023587
0.357717
0.191591
0.283605
0.015999
0.659257
0.27723
0.299146
0.515306
0.215687
0.452519
0.00116
0.007619
0.004315
0.036863
0.040386
0.027526
0.054665
1.127527
0.329244
0.320214
0.162618
0.071083
0.34072
0.041616
0.137819
0.103868
0.45728
0.184952
0.11286
0.238796
0.589306
0.108077
0.601694
0.293004
0.00763
0.004093
0.005112
0.096905
0.038153
0.677917
0.54903
0.223267
1.211409
1.190456
0.387055
0.003412
0.007155
0.247405
0.388536
0.489249
0.102384
0.025349
0.292451
0.231104
1.243582
0.541529
1.207701
0.04386
0.150083
0.33554
0.20451
0.901469
0.518117
0.157316
0.044832
0.063179
0.083992
0.145009
0.810693
0.05352
0.238024
0.34912
0.133278
0.307793
0.049969
0.004986
0.038214
0.313105
0.574803
0.273617
0.200758
-2.6e-05
0.023023
0.15324
0.022039
0.021831
0.672116
0.021821
0.040671
0.204967
0.001553
0.220763
0.015166
0.17623
1.289444
0.360205
0.085104
0.00581
0.322819
0.07226
0.039667
0.270469
0.155682
0.008418
0.083466
0.016611
0.091764
0.105803
0.268022
0.242435
0.112332
0.07069
1.369051
0.012214
0.431267
0.608822
0.227087
0.035797
0.498426
0.341447
0.755105
0.293808
1.17995
0.008471
0.054559
0.013641
0.112025
0.207447
2.118217
0.210663
0.011002
0.050038
0.002661
0.040419
0.002858
0.366828
0.020729
0.369637
0.233133
0.335905
0.002088
0.003735
0.028955
0.152935
0.060659
0.166307
1.314341
0.143433
0.918749
0.175726
0.833951
0.462696
0.154132
0.786725
0.771861
0.550337
0.014844
0.502422
0.351057
0.008495
0.135473
0.056502
0.247021
0.128055
0.43535
0.117045
0.067442
0.110228
-7e-06
0.194168
0.868636
0.135333
0.874369
0.435684
0.098023
0.005738
0.087486
0.325634
0.427293
0.381523
0.247924
0.260542
0.143876
0.100265
0.451748
0.515292
0.006537
0.254731
0.375124
0.824974
0.245482
0.521469
0.708874
0.007522
0.144865
0.111831
0.085473
0.055956
0.908882
1.196221
0.095008
0.168059
0.890286
0.687003
0.983309
0.686773
0.271287
1.362995
0.644832
0.000357
0.00984
6.2e-05
1.222841
0.569417
0.130504
0.001535
0.247355
0.182976
0.447124
0.30268
0.044552
0.541594
0.019909
0.046611
0.249403
0.028317
1.637119
0.001857
0.080794
0.650587
0.229248
0.064543
0.089753
0.139204
0.452572
0.035683
0.022935
0.040383
0.082223
0.011893
0.189848
0.25046
-9e-05
0.734501
0.000458
0.775433
0.254845
0.000199
0.007722
0.24941
0.404998
0.140687
0.018154
0.001927
0.018328
1.028862
0.583132
0.119937
0.14558
0.061168
0.117314
0.402238
0.784714
0.205104
0.28721
0.655228
0.855125
0.17109
0.131478
0.143135
0.813742
0.057525
0.776456
0.034821
1.115152
1.160651
0.017642
0.154287
0.165738
0.068549
0.056671
0.112812
0.886633
0.501523
0.027881
1.496626
0.127332
-1.3e-05
0.02986
0.266648
0.463833
0.057409
0.024017
0.897313
0.014796
0.019434
-8.1e-05
0.898987
0.403008
0.76696
0.479387
0.059651
0.070676
0.066171
0.473831
0.149449
0.047562
0.841148
0.03099
0.468575
0.706157
0.262759
0.017097
0.507312
0.227841
0.000578
0.121109
0.093835
0.304193
0.222093
0.205818
0.719727
0.086357
0.007604
0.336786
0.146079
0.062367
0.075416
0.258511
1.194425
0.142155
1.031929
0.248629
0.250831
0.188868
0.010046
0.132659
0.58806
1.793617
0.080201
0.147972
0.073178
0.208831
1.146668
0.11157
0.119855
0.882068
0.097165
0.183313
0.05996
0.933279
0.002213
0.632764
0.436962
0.284273
0.255089
0.146066
0.485154
0.042665
0.241263
0.430279
0.186034
0.003189
0.017988
0.140857
0.119415
0.0
1.059791
0.675184
1.054423
0.06822
0.055281
0.357407
0.419015
0.183484
0.755293
0.003106
0.221311
0.035402
0.029341
0.417213
0.027907
0.800932
0.732145
1.171008
0.122881
0.153821
0.653647
0.291293
0.161989
0.015241
0.02512
0.009189
0.894474
0.29698
1.12575
0.001245
0.015333
0.391492
0.04423
0.029924
0.026909
0.005232
0.195078
1.602329
1.032304
0.121586
0.606878
0.171973
0.004343
0.075404
0.99354
0.087956
0.002355
1.508557
0.342905
0.150353
0.399122
0.053583
0.327648
0.059189
0.115274
0.221876
0.001927
0.097231
0.007181
0.682856
0.185107
1.498525
0.468173
0.36825
0.011742
0.009549
0.550142
0.414717
0.027476
0.823729
0.06821
0.132131
0.335611
0.013747
0.672144
0.038547
0.076157
0.003152
0.000948
0.389081
0.312142
0.408539
0.084405
0.16508
0.508461
0.507965
0.295521
0.433936
0.165714
0.0515
0.307043
0.058814
1.111536
0.295836
0.021874
0.175586
0.00513
0.123223
0.000992
0.461828
0.050964
0.027492
0.150001
0.173146
0.183252
0.445483
0.052076
0.258436
1.357401
0.784532
0.417548
0.009247
0.015643
0.178299
0.065549
0.25492
0.053358
0.411904
0.024519
0.352469
0.000397
0.186541
0.179359
0.039559
0.495253
0.043172
-0.000481
0.028224
0.090596
0.035792
0.150765
0.053918
0.192413
0.005715
0.166122
0.399617
0.028239
0.013787
0.001538
0.335674
0.750894
0.079643
0.000132
1.217655
1.016541
0.000216
0.130358
0.670379
0.295264
0.074793
0.590129
1.029269
0.000447
0.13444
0.783761
0.081494
0.205132
0.17314
0.119376
0.016236
0.144224
0.072189
1.65261
0.014612
0.276258
0.018368
0.001788
0.065999
0.428384
0.285183
0.007892
0.083137
0.017542
0.227633
0.343296
0.590059
0.372212
0.006163
0.010403
0.286563
0.178784
0.221359
0.019086
0.371737
0.027995
0.679525
0.022069
0.688015
0.087417
0.092105
0.011923
0.037347
1.314658
0.225078
0.42109
1.144063
0.510819
0.008686
0.783719
0.03943
0.001717
0.847053
0.119961
0.252321
0.220672
0.635759
0.805322
0.021496
0.152419
0.927866
0.160649
0.030564
0.436985
1.462022
0.001505
0.642268
0.057822
0.637665
0.044723
0.503005
0.031795
0.225455
0.066439
0.182114
0.055524
0.026456
0.104782
0.015423
0.449141
0.018538
0.00073
0.358474
0.164411
0.003428
0.101122
0.573721
0.347651
0.198825
0.630361
0.486896
0.066382
0.096823
0.006555
1.17498
0.436877
0.005349
0.449368
0.887338
0.23279
0.075989
0.046776
0.022362
0.581954
0.291663
0.003038
0.039067
0.805512
0.296676
0.671842
0.183948
0.018531
0.15235
0.157551
0.120387
0.038655
0.317516
0.271337
0.07648
0.059806
0.385071
0.508289
0.02541
0.010073
0.058557
0.430779
0.131183
0.034456
0.040999
0.154369
0.051489
0.079218
0.758601
0.028029
0.0027
0.10148
0.035469
2.127054
1.026991
0.116444
0.159873
0.226929
0.209189
0.004202
1.063232
0.011972
0.611475
0.202415
0.028792
0.593751
0.034162
0.785711
1.442168
0.022861
0.78866
0.538218
0.142583
0.103142
0.005212
0.602228
0.29974
0.548124
0.600717
0.01547
0.372702
-5.7e-05
1.230827
0.005419
0.01476
0.330832
0.032301
0.085195
0.353465
0.289913
0.477084
0.00547
0.000453
0.191156
0.021462
0.004504
0.787928
1.230419
0.038714
0.437501
0.041488
0.050236
0.156503
0.148934
0.006004
0.057282
0.494647
0.417497
1.317931
0.085186
0.291175
0.046574
0.071931
0.487659
0.023855
0.131729
0.002379
0.010415
0.933716
0.030945
0.966544
0.042933
0.781026
0.753705
0.697625
0.080012
0.257043
0.089951
0.010923
0.106248
0.771288
0.235554
0.008798
0.176935
0.342111
0.035346
0.001278
0.283729
0.003335
0.01383
0.507255
1.570421
0.608229
0.149906
0.216219
0.13885
0.00299
0.65373
0.03011
0.242722
0.680985
-4e-06
0.491607
0.729551
0.3187
1.10379
0.130156
0.176957
0.504658
0.029445
0.311941
0.085573
0.308463
0.531311
0.05585
0.418634
0.341307
0.00432
0.011755
0.138484
0.404033
0.761137
0.038915
1.608095
0.170739
0.408327
0.199725
0.019368
1.386388
0.028138
0.027632
0.157965
0.036297
0.261949
5.3e-05
0.206731
0.293501
0.008511
0.290591
1.762798
0.011221
-0.000149
0.125505
0.162184
0.223158
0.471865
1.149174
0.193758
0.078077
0.032274
0.092127
0.003419
2.013632
0.171909
0.040832
0.02807
0.000108
1.038643
0.004587
0.25837
0.080995
1.331787
1.3277
1.441191
0.445442
0.00107
0.70046
0.354054
0.113236
0.029173
0.273772
0.566851
0.068119
0.00067
0.380598
0.053857
0.403892
0.130984
0.057271
0.002094
0.251974
0.589136
0.869163
0.00715
0.142974
0.239334
0.200527
0.113698
-6.8e-05
0.012174
0.00833
1.188057
0.003793
0.048885
0.593259
1.166789
0.11032
0.603162
0.833878
0.086586
0.183715
