0.028165
0.109635
0.141007
0.151339
0.081298
0.337637
0.048799
0.066589
0.034235
0.207118
0.420563
0.153696
0.308816
0.171142
0.268432
0.109359
0.062755
0.240953
0.293903
0.067283
0.058022
0.04666
0.056056
0.086264
0.174909
0.163214
0.634559
0.133794
0.135584
0.355589
0.108859
0.157715
0.173015
0.270867
0.159124
0.146057
0.534894
0.292723
0.320544
0.04563
0.073696
0.562364
0.08266
0.060433
0.082486
0.118622
0.064901
0.090219
0.205677
0.387506
0.119095
0.029238
0.130675
0.685096
0.090791
0.199155
0.220989
0.291417
0.08127
0.357728
0.16308
0.136386
0.082021
0.457751
0.283347
0.290486
0.431346
0.169996
0.433568
0.300011
0.356857
0.185214
0.177428
0.137639
0.124012
0.072526
0.292162
0.176479
0.333904
0.02123
0.039131
0.140134
0.083873
0.132584
0.067192
0.147823
0.4764
0.193174
0.393158
0.334073
0.112719
0.138997
0.215018
0.35623
0.120328
0.03394
0.316819
0.104527
0.180001
0.584469
0.11829
0.10804
0.07417
0.119927
0.046073
0.112622
0.130046
0.040758
0.793684
0.811044
0.171602
0.012757
0.109444
0.670641
0.2518
0.245635
0.04972
0.101807
0.414284
0.417133
0.08096
0.282422
0.054507
0.060798
0.213624
0.109831
0.75873
0.082343
0.110861
0.305145
0.238413
0.244357
0.113907
0.105318
0.298888
0.248599
0.205814
0.130243
0.028143
0.440143
0.277177
0.221789
0.15825
0.218862
0.126358
0.163891
0.235154
0.048599
0.490785
0.067232
0.144173
0.306273
0.081512
0.037597
0.209953
0.122928
0.074534
0.27181
0.088097
0.189093
0.216868
0.343726
0.346086
0.224865
0.079044
0.595069
0.175679
0.034334
0.475086
0.100213
0.077221
0.196774
0.239049
0.070557
0.071893
0.105331
0.102845
0.26563
0.171302
0.194234
0.160134
0.078054
0.021022
0.255431
0.529748
0.078539
0.059716
0.101082
0.199068
0.062724
0.545875
0.108522
0.066869
0.189039
0.161613
0.233875
0.317433
0.123063
0.134959
0.45025
0.133231
0.028893
0.045369
0.181204
0.206349
0.17115
0.278097
0.089084
0.671174
0.045896
0.149865
0.505035
0.203678
0.051183
0.044219
0.402043
0.070409
0.308366
0.766489
0.159306
0.19526
0.813957
0.091909
0.247775
0.066921
0.192339
0.051193
0.405266
0.147388
0.045121
0.04136
0.23943
0.298006
1.072764
0.416585
0.157593
0.101295
0.110504
0.435376
0.062292
0.173383
0.336286
0.168274
0.043673
0.037568
0.503096
0.116261
0.11075
0.25429
0.094624
0.345141
0.166552
0.09326
0.037674
0.160629
0.242026
0.130325
0.102871
0.580915
0.773749
0.076742
0.091358
0.500805
0.023049
0.141064
0.101774
0.092555
0.118042
0.089186
0.131814
0.074468
0.542793
0.190874
0.339894
0.325066
0.267195
0.147635
0.229973
0.175981
0.471729
0.12836
0.283766
0.063229
0.309426
0.189407
0.419904
0.237586
0.313743
0.092983
0.160403
0.321317
0.175496
0.115703
0.114224
0.073326
0.110255
0.19692
0.200502
0.124918
0.044872
0.219748
0.193733
0.042437
0.041487
0.233543
0.156174
0.091137
0.19746
0.120215
0.086624
0.11076
0.080304
0.198186
0.500898
0.366488
0.045692
0.151723
0.384268
0.414353
0.305905
0.089414
0.088679
0.418438
0.081358
0.171474
0.345223
0.166283
0.050528
0.029119
0.056275
0.605489
0.068159
0.156248
0.716198
0.182183
0.053313
0.860463
0.154597
0.314391
0.108962
0.369855
0.179882
0.113548
0.118286
0.368401
0.058428
0.067462
0.249664
0.314089
0.272822
0.211568
0.161287
0.253924
0.155814
0.326078
0.297499
0.43572
0.34572
0.290532
0.26007
0.120095
0.055217
0.101916
0.043606
0.073067
0.121293
0.108737
0.140504
0.230845
0.444645
0.023312
0.016571
0.264026
0.60128
0.59971
0.055525
0.082339
0.253398
0.120227
0.180112
0.274689
0.024888
0.008545
0.611929
0.07366
0.129283
0.144232
0.489891
0.395111
0.116114
0.104125
0.091402
0.320992
0.215434
0.225267
0.076938
0.153361
0.066719
0.303164
0.081762
0.136768
0.09812
0.071575
0.529181
0.123322
0.065122
0.295761
0.044833
0.109372
0.164391
0.091295
0.535506
0.323681
0.087524
0.150192
0.121336
0.121342
0.023258
0.091977
0.079383
0.150852
0.111137
0.851805
0.356913
0.204705
0.065605
0.134555
0.280037
0.067442
0.054362
0.045922
0.13913
0.240276
0.173961
0.159284
0.310638
0.122522
0.105085
0.325382
0.527076
0.112521
0.048161
0.218646
0.053018
0.428799
0.044637
0.165421
0.062421
0.026761
0.132508
0.179415
0.311209
0.13716
0.136139
0.16022
0.07333
0.039209
0.335976
0.101224
0.190596
0.038851
0.350342
0.102393
0.152106
0.267547
0.139263
0.27416
0.269197
0.717458
0.282332
0.058746
0.160555
0.501303
0.559546
0.349398
0.136934
0.343022
0.065293
0.351498
0.329527
0.035341
0.139114
0.660697
0.349857
0.053692
0.019826
0.238823
0.31729
0.16898
0.074472
0.132718
0.039413
0.38202
0.225025
0.143594
0.051651
0.073368
0.603652
0.095642
0.204702
0.109766
0.078847
0.205447
0.131242
0.305326
0.19922
0.040153
0.246872
0.128568
0.035244
0.288183
0.526465
0.108355
0.235797
0.089382
0.057029
0.178938
0.291803
0.133645
0.048298
0.115303
0.124797
0.172772
0.12678
0.144196
0.211661
0.039373
0.424722
0.130644
0.199186
0.231327
0.470829
0.293913
0.224134
0.17406
0.601971
0.102957
0.376754
0.178948
0.371856
0.089407
0.049367
0.08435
0.078389
0.334643
0.068764
0.144318
0.127199
0.325456
0.150206
0.521733
0.19592
0.127515
0.61635
0.219291
0.175407
0.472132
0.627858
0.297982
0.138927
0.228076
0.229454
0.098906
0.522049
0.217757
0.282561
0.21018
0.29554
0.054679
0.198519
0.04406
0.161508
0.104715
0.144085
0.121602
0.126577
0.434614
0.12117
0.292217
0.11063
0.205699
0.032141
0.293936
0.151936
0.241567
0.260682
0.237959
0.045485
0.242548
0.260589
0.007933
0.095063
0.142493
0.167199
0.227498
0.100636
0.297482
0.178887
0.0518
0.079056
0.03533
0.270101
0.144801
0.117753
0.200877
0.118793
0.023255
0.297438
0.146608
0.074634
0.219062
0.373028
0.704475
0.241254
0.281645
0.111088
0.194795
0.147596
0.064652
0.185561
0.032801
0.587204
0.36389
0.161605
0.190122
0.436184
0.087149
0.128707
0.066551
0.132185
0.110145
0.696604
0.065804
0.080294
0.086477
0.284221
0.167563
0.39997
0.147962
0.162515
0.006652
0.189931
0.226361
0.082732
0.041908
0.524367
0.132993
0.224381
0.421202
0.426426
0.169412
0.021393
0.143706
0.018179
0.171895
0.227989
0.064947
0.109142
0.034214
0.205044
0.269519
0.323513
0.0731
0.156209
0.375306
0.110304
0.282481
0.464261
0.047245
0.058898
0.368442
0.099898
0.326182
0.046407
0.409466
0.046946
0.197956
0.437596
0.218031
0.941207
0.411156
0.136519
0.249691
0.123087
0.088667
0.020042
0.185384
0.046311
0.145395
0.172857
0.173969
0.480249
0.130451
0.139926
0.299813
0.14108
0.030915
0.432172
0.460629
0.110543
0.099988
0.030115
0.136216
0.139152
0.153591
0.562999
0.084794
0.09065
0.203494
0.068947
0.073709
0.054269
0.062457
0.076905
0.144441
0.26305
0.662994
0.21589
0.098701
0.085838
0.843504
0.047904
0.075824
0.231426
0.153313
0.063952
0.180365
0.082795
0.037896
0.161204
0.047281
0.210523
0.30212
0.069316
0.083203
0.023712
0.087232
0.253794
0.357501
0.430978
0.091681
0.274246
0.148871
0.109022
0.156297
0.218017
0.382085
0.26617
0.206113
0.108152
0.066752
0.149082
0.196364
0.4145
0.280228
0.188174
0.169614
0.139678
0.142335
0.237818
0.081515
0.203247
0.212229
0.038301
0.134493
0.166846
0.050641
0.047756
0.229507
0.214228
0.163023
0.05846
0.465547
0.182391
0.184024
0.136918
0.351196
0.084327
0.309555
0.140175
0.456546
0.07724
0.271706
0.152364
0.18337
0.088124
0.251609
0.068748
0.035472
0.040846
0.375005
0.059781
0.213648
0.102887
0.232452
0.115496
0.123636
0.122928
0.145661
0.023352
0.03593
0.104847
0.300013
0.144823
0.257885
0.38026
0.111664
0.286949
0.096147
0.073649
0.110398
0.060735
0.129161
0.287255
0.189262
0.117717
0.279038
0.159978
0.442121
0.237547
0.150008
0.079707
0.188336
0.684042
0.146043
0.01598
0.115645
0.032015
0.566274
0.322114
0.06419
0.402275
0.044996
0.113934
0.454378
0.140701
0.237196
0.581032
0.641617
0.376362
0.180682
0.229777
0.261834
0.189055
0.189956
0.87378
0.084789
0.203046
0.153958
0.423926
0.404914
0.029286
0.369902
0.116666
0.131051
0.33263
0.025759
0.270702
0.285395
0.321681
0.159661
0.29662
0.031827
0.160054
0.316196
0.202712
0.380891
0.212246
0.041257
0.104922
0.217963
0.34358
0.106452
0.009771
0.228186
0.184079
0.26082
0.27562
0.133448
0.376299
0.06076
0.561983
0.067682
0.086169
0.286976
0.128598
0.341069
0.052415
0.149328
0.307068
0.110308
0.521728
0.649012
0.261562
0.123894
0.167465
0.231995
0.057533
0.470011
0.107676
0.14321
0.082077
0.302139
0.127498
0.167971
0.154635
0.482203
0.256909
0.276086
0.30793
0.704468
0.323408
0.159124
0.110844
0.098827
0.10781
0.149324
0.2684
0.331688
0.192072
0.087848
0.155259
0.010214
0.080798
0.11707
0.414984
0.159504
0.096543
0.066705
0.020425
0.199876
0.392917
0.091345
0.261579
0.608243
0.520009
0.293192
0.230366
0.618151
0.081958
0.090378
0.221561
0.516113
0.251499
0.232719
0.320775
0.050763
0.224169
0.321165
0.275586
0.016182
0.122807
0.107045
0.049807
0.201175
0.446266
0.082657
0.079716
0.015177
0.184783
0.236263
0.27864
0.055483
0.11767
0.157953
0.20629
0.146195
0.082095
0.083723
0.360011
0.221116
0.148064
0.100265
0.179735
0.163106
0.119257
0.132342
0.068004
0.172926
0.361678
0.547977
0.234304
0.102491
0.281779
0.427657
0.054145
0.082517
0.046024
0.161353
0.437209
0.29453
0.079249
0.119474
0.114886
0.207658
0.05593
0.084995
0.032477
0.508048
0.197765
0.023785
0.105875
0.038413
0.385856
0.324859
0.100821
0.06148
0.373416
0.351328
0.073277
0.077913
0.243665
0.275563
0.06073
0.052972
0.213153
0.065134
0.040411
0.208975
0.129027
0.199112
0.044174
0.215238
0.103505
0.108301
0.528991
0.131105
0.048875
0.15632
0.172403
0.259488
0.648614
0.036834
0.021591
0.27877
0.342412
0.252273
0.187931
0.059075
0.089045
0.073039
0.179062
0.125658
0.092322
0.034988
0.273636
0.0345
0.061094
0.075911
0.197614
0.063649
0.593633
0.04553
0.25327
0.148439
0.212634
0.310982
0.086018
0.323765
0.045459
0.14866
0.08772
0.383591
0.200322
0.425212
0.120722
0.21128
0.258682
0.576975
0.143763
0.228834
0.084117
0.172449
0.201644
0.064177
0.433012
0.463133
0.063321
0.149752
0.030461
0.02247
0.192164
0.215234
0.033555
0.18772
0.290661
0.121592
0.394956
0.046809
0.203488
0.604577
0.023471
0.176578
0.24899
0.071129
0.117851
0.144101
0.119861
0.25552
0.288321
0.498907
0.080588
0.159562
0.481591
0.062596
0.265862
0.05561
0.284899
0.436978
0.141983
0.201767
0.187314
0.211274
0.37039
0.137846
0.039076
0.827554
0.039452
0.041385
0.042186
0.141186
0.041093
0.190527
0.065543
0.229341
0.094411
0.122989
0.365451
0.227574
0.136511
0.176041
0.236392
0.126804
0.395128
0.191627
0.128126
0.081405
0.038706
0.245185
0.447445
0.039906
0.056522
0.371712
0.087777
0.160083
0.23409
0.272176
0.259575
0.138497
0.074099
0.116436
0.13016
0.08518
0.421354
0.032996
0.196564
0.032286
0.185701
0.131699
0.163354
0.110732
0.183332
0.103743
0.048881
0.126827
0.17771
0.187714
0.104104
0.140296
0.109021
0.135035
0.23324
0.041113
0.165064
0.230905
0.214227
0.243122
0.115396
0.166908
0.462325
0.169861
0.183739
0.2573
0.039018
1.081801
0.13849
0.244324
0.169992
0.167634
0.522981
0.207412
0.674319
0.022683
0.233382
0.163998
0.07047
0.316287
0.121391
0.304039
0.062815
0.075479
0.213705
0.079781
0.316903
0.587203
0.050123
0.142972
0.127496
0.250895
0.228957
0.172365
0.29086
0.262581
0.038924
0.070693
0.229062
0.112399
0.295372
0.089529
0.616352
0.19495
0.081951
0.169284
0.189269
0.202816
0.161172
0.178918
0.020323
0.06676
0.07377
0.054275
0.136431
0.414738
0.175032
0.027033
0.410034
0.157156
0.157053
0.135192
0.107224
0.404022
0.092472
0.050578
0.807547
0.130711
0.547322
0.072767
0.176671
0.519954
0.093685
0.071922
0.064939
0.463416
0.086971
0.059074
0.213084
0.40666
0.118303
0.531227
0.058261
0.146774
0.470513
0.17986
0.092147
0.147422
0.13701
0.111282
0.122883
0.197212
0.069738
0.14028
0.17149
1.054434
0.078022
0.271466
0.186472
0.199771
0.052477
0.223074
0.157937
0.426724
0.131122
0.189702
0.101518
0.040105
0.165288
0.090021
0.037906
0.057735
0.401709
0.085647
0.370865
0.526898
0.104724
0.157723
0.308555
0.326427
0.131606
0.319457
0.164204
0.16139
0.413639
0.224092
0.177524
0.146224
0.113565
0.317006
0.438905
0.317912
0.247629
0.224273
0.18009
0.476021
0.032278
0.139351
0.262938
0.51581
0.374598
0.087654
0.098772
0.092851
0.118975
0.058245
0.095634
0.06006
0.112921
0.189985
0.064676
0.228708
0.114623
0.074693
0.064053
0.348093
0.311115
0.105881
0.139381
0.123452
0.068572
0.952559
0.299635
0.299428
0.106194
0.129146
0.06137
0.123843
0.186203
0.079222
0.167166
0.075428
0.153672
0.03801
0.297034
0.089367
0.078417
0.04956
0.031201
0.134503
0.08849
0.092547
0.137312
0.113085
0.429726
0.146132
0.052694
0.946535
0.041049
0.044411
0.127612
0.089345
0.091365
0.055833
0.055511
0.16214
0.11287
0.078409
0.104962
0.091035
0.073298
0.128447
0.144126
0.085422
0.24482
0.1229
0.082215
0.167099
0.134882
0.058975
0.087829
0.033874
0.20073
0.062464
0.323109
0.552938
0.41202
0.03956
0.225484
0.127373
0.039423
0.084579
0.054922
0.184481
0.108088
0.797683
0.211987
0.18866
0.209965
0.487617
0.337353
0.219586
0.048225
0.140478
0.360239
0.022296
0.389317
0.181913
0.040842
0.028515
0.270111
0.112641
0.403235
0.072712
0.169497
0.081111
0.54764
0.449555
0.381487
0.012406
0.656875
0.232906
0.048415
0.048824
0.383193
0.335257
0.078523
0.232459
0.163949
0.207556
0.168461
0.087234
0.041245
0.189776
0.038744
0.391352
0.712073
0.074109
0.282044
0.090964
0.092965
0.371759
0.614583
0.070987
0.113811
0.435525
0.476875
0.195681
0.068275
0.29279
0.035655
0.344056
0.178658
0.090247
0.143532
0.325644
0.252015
0.231163
0.105438
0.122177
0.221157
0.186324
0.073163
0.178789
0.582236
0.043417
0.413719
0.425329
0.298758
0.11916
0.067174
0.356263
0.173654
0.21992
0.067825
0.120783
0.222397
0.157354
0.15346
0.177216
0.119852
0.234974
0.194358
0.230933
0.040786
0.29112
0.030616
0.171042
0.166231
0.091805
0.149649
0.103066
0.089293
0.224188
0.080388
0.280671
0.097467
0.616694
0.276757
0.069632
0.389829
0.123146
0.34789
0.26414
0.326652
0.101728
0.150226
0.154035
0.68602
0.128691
0.360521
0.112036
0.187414
0.335033
0.044904
0.066759
0.434272
0.233835
0.286573
0.279715
0.085423
0.093192
0.08794
0.380961
0.034181
0.051127
0.312758
0.157527
0.098374
0.280603
0.160124
0.090117
0.370702
0.394625
0.311089
0.253245
0.061351
0.152127
0.3386
0.410357
0.099683
0.311379
0.310199
0.186642
0.188068
0.080115
0.638714
0.475219
0.167299
0.441772
0.112424
0.092508
0.489427
0.097531
0.114684
0.032187
0.378695
0.246458
0.167116
0.076759
0.135223
0.187379
0.136919
0.042885
0.123812
0.024412
0.680201
0.2257
0.131255
0.050448
0.245431
0.156701
0.080822
0.682719
0.210109
0.150853
0.074802
0.213018
0.240655
0.34233
0.181076
0.379444
0.157502
0.017486
0.347145
0.178517
0.486177
0.718155
0.417381
0.106859
0.239916
0.070963
0.112851
0.100625
0.121716
0.117161
0.255425
1.212795
0.046514
0.491039
0.201168
0.056686
0.229614
0.35631
0.155467
0.11703
0.335056
0.154071
0.158658
0.043439
0.1083
0.19282
0.136337
0.377364
0.155485
0.124189
0.110122
0.144543
0.041836
0.076023
0.204218
0.100519
0.12
0.147011
0.120838
0.378334
0.136776
0.608529
0.113324
0.247407
0.056649
0.294557
0.06057
0.237165
0.041579
0.22043
0.408429
0.111396
0.181685
0.139709
0.03262
0.236386
0.184113
0.390294
0.144645
0.136455
0.119413
0.358638
0.304253
0.367264
0.17361
0.198403
0.17559
0.057443
0.080529
0.503378
0.467015
0.053819
0.034692
0.179578
0.095867
0.255625
0.313084
0.088507
0.309478
0.068524
0.190838
0.563596
0.100507
0.099345
0.102734
0.094652
0.327796
0.067926
0.264113
0.186296
0.299149
0.047755
0.413548
0.279615
0.683737
0.311454
0.088888
0.059919
0.090249
0.124176
0.029142
0.346625
0.137841
0.138796
0.248053
0.097409
0.208866
0.477404
0.091612
0.300027
0.452479
0.096045
0.019383
0.054584
0.150511
0.495297
0.47133
0.315189
0.037323
0.168073
0.217633
0.276657
0.095048
0.655866
0.182202
0.232425
0.066401
0.118375
0.1402
0.46511
0.270779
0.18885
0.053917
0.302502
0.366364
0.149121
0.102584
0.088793
0.071299
0.069333
0.08432
0.108361
0.280259
0.13663
0.053641
0.08918
0.130672
0.151081
0.066626
0.649898
0.118381
0.066103
0.19948
0.189076
0.542394
0.386578
0.090706
0.049518
0.106774
0.169531
0.127721
0.256841
0.137783
0.042341
0.2921
0.030335
0.032511
0.071682
0.079455
0.372567
0.138702
0.258251
0.063825
0.533131
0.127494
0.080999
0.176828
0.077467
0.23124
0.106436
0.473871
0.096016
0.593866
0.851027
0.035158
0.317487
0.434383
0.390609
0.033651
0.096171
0.348131
0.191093
0.12975
0.016857
0.318049
0.312022
0.079025
0.114761
0.084697
0.242794
0.091607
0.270648
0.13091
0.26794
0.106229
0.131176
0.216068
0.206898
0.192925
0.677213
0.105559
0.263459
0.116878
0.185411
0.148899
0.178084
0.158108
0.101432
0.253715
0.124515
0.43299
0.06395
0.06209
0.254272
0.015932
0.069335
0.522165
0.085523
0.101468
0.036498
0.707318
0.048243
0.121021
0.073965
0.040955
0.124529
0.093464
0.44298
0.091644
0.322537
0.515602
0.054047
0.073929
0.217312
0.184688
0.121993
0.083445
0.607673
0.133618
0.093135
0.207934
0.076529
0.073635
0.328491
0.207899
0.140302
0.406674
0.210354
0.131838
0.186271
0.233962
0.294669
0.050417
0.141495
0.035085
0.287308
0.388674
0.142826
0.288073
0.21124
0.524939
0.418474
0.182865
0.14006
0.040521
0.015687
0.061584
0.205255
0.114134
0.16071
0.085168
0.264357
0.257277
0.026792
0.041591
0.24555
0.17305
0.19451
0.154173
0.492246
0.204153
0.142382
0.058786
0.025692
0.271243
0.059433
0.125715
0.066501
0.077335
0.179325
0.199902
0.317765
0.351437
0.023458
0.15574
0.206239
0.137665
0.408341
0.173874
0.015561
0.112276
0.240629
0.302062
0.145517
0.210603
0.691127
0.037602
0.058081
0.134747
0.058264
0.116072
0.126303
0.301984
0.084275
0.092205
0.12183
0.108027
0.422138
0.036247
0.142236
0.124761
0.131858
0.196203
0.239076
0.241638
0.117526
0.293364
0.110133
0.030756
0.317375
0.105675
0.187638
0.082236
0.432186
0.361765
0.758514
0.364397
0.193941
0.415575
0.050538
0.197591
0.236299
0.172054
0.104237
0.039657
0.076082
0.715547
0.58146
0.030297
0.303275
0.239846
0.059711
0.054012
0.079571
0.066721
0.058988
0.412089
0.057974
0.637249
0.433306
0.170512
0.192617
0.112034
0.132949
0.072905
0.012362
0.190619
0.151189
0.093014
0.364723
0.144648
0.219398
0.251282
0.128267
0.136628
0.155108
0.058568
0.180959
0.227285
0.064
0.088503
0.064121
0.241077
0.312175
0.227652
0.111743
0.380941
0.653804
0.069757
0.212013
0.06332
0.069522
0.292097
0.51504
0.174304
0.363274
0.267334
0.249903
0.074755
0.293349
0.741166
0.457027
0.081366
0.020161
0.297063
0.114937
0.169523
0.242621
0.387392
0.165621
0.186273
0.366787
0.152658
0.049872
0.165188
0.124624
0.503232
0.163719
0.624913
0.232955
0.235355
0.617662
0.258445
0.325223
0.110204
0.083372
0.290856
0.437338
0.005159
0.137322
0.020312
0.353736
0.187004
0.108358
0.2611
0.167924
0.094275
0.046467
0.08328
0.484192
0.695548
0.049772
0.43735
0.501554
0.307331
0.257518
0.379927
0.153923
0.88511
0.249338
0.154508
0.327927
0.055584
0.594491
0.319541
0.270015
0.597698
0.069797
0.152063
0.201286
0.322382
0.62454
0.914679
0.101597
0.106754
0.435725
0.254605
0.327331
0.122223
0.255685
0.113039
0.051834
0.03697
0.248974
0.079473
0.631101
0.319411
0.082582
0.194921
0.211764
0.352595
0.153848
0.260081
0.191286
0.066083
0.161593
0.240159
0.155362
0.202229
0.215461
0.393352
0.066766
0.175706
0.015724
0.086055
0.142254
0.658649
0.323993
0.12347
0.11006
0.079363
0.18908
0.302918
0.061334
0.072527
0.076605
0.285369
0.394763
0.28699
0.526663
0.37261
0.20452
0.281488
0.364733
0.220412
0.251737
0.022086
0.083323
0.14202
0.038894
0.130217
0.332182
0.458159
0.25371
0.100123
0.294953
0.187411
0.416426
0.211375
0.085565
0.091615
0.101576
0.151268
0.401587
0.347539
0.020435
0.272277
0.034965
0.117641
0.02947
0.239436
0.38837
0.364863
0.345881
0.294473
0.053257
0.298089
0.118924
0.135023
0.246408
0.23623
0.3463
0.212202
0.711711
0.34155
0.228569
0.295108
0.247516
0.138991
0.208421
0.186256
0.200686
0.118137
0.128522
0.123011
0.189607
0.096647
0.221603
0.457657
0.13796
0.192808
0.176759
0.051956
0.202355
0.002632
0.332386
0.100832
0.390026
0.187281
0.163288
0.460527
0.583158
0.256287
0.080509
0.232379
0.391837
0.150608
0.071963
0.226732
0.087431
0.288342
0.09858
0.18407
0.089926
0.334754
0.13421
0.547389
0.242617
0.022579
0.15577
0.616101
0.260846
0.260496
0.133159
0.047774
0.09944
0.204078
0.198609
0.158134
0.115672
0.259972
0.241683
0.030768
0.325638
0.181391
0.106753
0.167855
0.087711
0.15937
0.039658
0.09737
0.236197
0.220138
0.253191
0.026047
0.081233
0.138445
0.048642
0.140343
0.370786
0.228616
0.10671
0.405217
0.071228
0.115703
0.114697
0.079375
0.093077
0.138481
0.244125
0.892367
0.050269
0.59077
0.105132
0.183717
0.368087
0.060198
0.028894
0.210627
0.351569
0.073791
0.534421
0.066411
0.239493
0.067542
0.09852
0.107928
0.059444
0.087173
0.114456
0.208787
0.331792
0.201212
0.11958
0.082289
0.057769
0.042182
0.075072
0.089954
0.123424
0.244516
0.121267
0.063443
0.544568
0.382125
0.237392
0.071284
0.060849
0.056112
0.264371
0.091818
0.147186
0.656632
0.268995
0.171469
0.566279
0.070237
0.153714
0.115039
0.21963
0.195669
0.019687
0.115456
0.071988
0.080686
0.092877
0.05687
0.07024
0.042541
0.349024
0.057473
0.153972
0.155521
0.126974
0.080749
0.169417
0.406388
0.873551
0.219622
0.106172
0.099525
0.063472
0.027285
0.057283
0.178966
0.257304
0.048317
0.246487
0.030106
0.301851
0.31181
0.16417
0.103585
0.257973
0.231151
0.199141
0.126293
0.169692
0.259695
0.467359
0.177451
0.049335
0.136987
0.159698
0.028394
0.016238
0.126121
0.327644
0.115012
0.381869
0.158832
0.185226
0.186415
0.791641
0.206208
0.120163
0.23075
0.325987
0.160608
0.195141
0.264056
0.383818
0.181578
0.20753
0.289581
0.104409
0.254968
0.774383
0.199739
0.14018
0.033962
0.086295
0.070627
0.111661
0.249044
0.247585
0.258661
0.688388
0.142244
0.09605
0.348262
0.30532
0.293472
0.101782
0.201474
0.232981
0.31445
0.28599
0.043295
0.35932
0.648029
0.087661
0.0772
0.391148
0.270111
0.495074
0.128767
0.017536
0.36053
0.213202
0.582553
0.218015
0.244576
0.178351
0.371133
0.129565
0.059292
0.556759
0.191871
0.186547
0.70354
0.095038
0.699504
0.209504
0.191664
0.093883
0.457843
0.248884
0.589523
0.612
0.135311
0.216087
0.11932
0.159161
0.280697
0.323043
0.079339
0.216801
0.477383
0.065035
0.193559
0.364855
0.503238
0.163803
0.541105
0.115686
0.033302
0.125667
0.159569
0.094939
0.108319
0.163266
0.750242
0.08802
0.47254
0.180704
0.169817
0.243936
0.025946
0.07568
0.121824
0.370029
0.25728
0.360903
0.310112
0.295846
0.330987
0.080652
0.257004
0.044917
1.112843
0.268806
0.240738
0.278282
0.0286
0.027037
0.17086
0.149366
0.274272
0.190939
0.479787
0.144972
0.172118
0.092665
0.06061
0.441013
0.107321
0.079646
0.154538
0.058845
0.066385
0.484674
0.258847
0.188304
0.302996
0.632909
0.275456
0.163573
0.073734
0.202804
0.105974
0.341494
0.259545
0.156538
0.293905
0.180523
0.031906
0.103972
0.188275
0.198687
0.081298
0.120666
0.234209
0.102065
0.220056
0.208066
0.171636
0.116012
0.062778
0.122983
0.293879
0.244773
0.043447
0.132631
0.546609
0.02229
0.176646
0.631316
0.105303
0.578437
0.09224
0.643517
0.06874
0.218443
0.405382
0.739768
0.189937
0.421815
0.134153
0.070251
0.085113
0.092795
0.014235
0.282107
0.298143
0.298678
0.081642
0.03953
0.121149
0.227171
0.073778
0.236672
0.207532
0.463058
0.329554
0.227137
0.101081
0.054502
0.077734
0.12348
0.209392
0.109826
0.059273
0.214466
0.114453
0.092773
0.028976
0.111823
0.347549
0.079441
0.158879
0.462111
0.067235
0.217622
0.244375
0.216265
0.118156
0.326806
0.395093
0.133028
0.069627
0.118027
0.06944
0.331391
0.056368
0.172405
0.174403
0.161703
0.14427
0.235043
0.172813
0.108962
0.424344
0.031258
0.418759
0.432837
0.541935
0.224434
0.069758
0.0794
0.149568
0.417959
0.346675
0.050628
0.180156
0.178961
0.456694
0.022214
0.27302
0.050018
0.140331
0.051134
0.12774
0.392211
0.227224
0.410933
0.031967
0.328288
0.134171
0.264397
0.299226
0.113882
0.175639
0.181648
0.163725
0.163902
0.284635
0.451464
0.223702
0.264664
0.125189
0.021649
0.353457
0.107804
0.106895
0.075737
0.254148
0.146443
0.131528
0.134239
0.042326
0.143109
0.143644
0.822103
0.374699
0.091727
0.244433
0.086915
0.118855
0.138486
0.10282
0.090171
0.128247
0.132479
0.156171
0.192503
0.2064
0.086636
0.239294
0.196864
0.034933
0.36967
0.20675
0.041803
0.175479
0.114924
0.091032
0.068987
0.389357
0.44215
0.133507
0.032157
0.411848
0.144651
0.283932
0.074618
0.037603
0.079537
0.156038
0.036097
0.37069
0.089451
0.079304
0.099751
0.05242
0.113203
0.091586
0.028016
0.097828
0.035561
0.090157
0.130511
0.129293
0.332029
0.155128
0.363237
0.304594
0.067903
0.397353
0.166114
0.463664
0.155807
0.23514
0.39426
0.146579
0.149904
0.342087
0.229478
0.050376
0.022069
0.451548
0.219347
0.224096
0.281092
0.04663
0.130934
0.13506
0.166233
0.163963
0.418428
0.268704
0.282284
0.113509
0.227454
0.231891
0.157022
0.07147
0.06087
0.128003
0.133278
0.196264
0.195224
0.349837
0.066817
0.161661
0.221717
0.204262
0.177922
0.154017
0.094742
0.090552
0.253015
0.181259
0.122247
0.258761
0.068576
0.419934
0.607409
0.31669
0.055134
0.198425
0.083658
0.117055
0.08453
0.140566
0.167765
0.195481
0.173778
0.05219
0.287282
0.213703
0.117518
0.163704
0.027216
0.081824
0.059392
0.278941
0.079598
0.221555
0.039767
0.025773
0.358237
0.269942
0.114734
0.509429
0.083427
1.224168
0.128779
0.022816
0.113125
0.210355
0.170865
0.217083
0.313084
0.082498
0.15821
0.10496
0.129728
0.48368
0.037088
0.434637
0.015332
0.025769
0.110988
0.063612
0.07637
0.205529
0.52728
0.210371
0.411799
0.31613
0.070687
0.060976
0.134511
0.401146
0.153506
0.062048
0.476015
0.061959
0.139806
0.056814
0.027989
0.116354
0.274601
0.092047
0.151255
0.082926
0.097445
0.262072
0.241034
0.023586
0.177668
0.151513
0.124305
0.10351
0.101595
0.132207
0.190652
0.323552
0.011015
0.414012
0.14266
0.357724
0.055471
0.163626
0.075934
0.025186
0.185303
0.206975
0.222484
0.320099
0.084184
0.059708
0.156781
0.239382
0.113904
0.644806
0.535867
0.051033
0.610263
0.507434
0.237647
0.036776
0.352984
0.26109
0.268431
0.281187
0.119826
0.191652
0.319607
0.437787
0.22183
0.181894
0.100571
0.235095
0.254028
0.036015
0.186356
0.142472
0.344944
0.2885
0.105376
0.037091
0.591487
0.04296
0.162824
0.134447
0.15033
0.011156
0.121288
0.233186
0.237436
0.039141
0.135495
0.037849
0.151794
0.026121
0.043457
0.125541
0.012464
0.083214
0.29156
0.147838
0.196799
0.166373
0.062978
0.186803
0.070338
0.319715
0.081478
0.145396
0.225321
0.153694
0.844178
0.248759
0.119247
0.25696
0.165838
0.079666
0.333429
0.067297
0.232957
0.637436
0.359385
0.094758
0.076827
0.25732
0.047525
0.03414
0.106646
0.12177
0.055305
0.059986
0.194295
0.26176
0.216802
0.293011
0.357885
0.619709
0.040545
0.161356
0.26116
0.132006
0.192273
0.106334
0.546889
0.296972
0.339841
0.256395
0.27983
0.160819
0.196247
0.099053
0.062891
0.066285
0.176507
0.127592
0.547868
0.057223
0.20986
0.108628
0.145605
0.097069
0.084881
0.191686
0.256233
0.188814
0.034764
0.085276
0.268525
0.460488
0.069507
0.681788
0.46305
0.130642
0.228271
0.219108
0.292069
0.070897
0.18612
0.127841
0.118971
0.220049
0.332363
0.143966
0.273101
0.337586
0.520862
0.038692
0.390855
0.057732
0.213025
0.272023
0.130252
0.121625
0.057909
0.030738
0.190396
0.021491
0.37308
0.125177
0.159536
0.348452
0.198306
0.028849
0.098825
0.098197
0.41861
0.048428
0.163669
0.165578
0.286041
0.068705
0.571969
0.026215
0.138731
0.047554
0.201741
0.269803
0.474522
0.584367
0.287831
0.141232
0.19731
0.222958
0.179316
0.225244
0.153241
0.293156
0.111011
0.098028
0.031319
0.477833
0.090466
0.074736
0.24347
0.303081
0.135138
0.015487
0.295787
0.335031
0.235456
0.23718
0.392795
0.404461
0.11411
0.21968
0.206142
0.04012
0.053046
0.161714
0.07401
0.506868
0.137872
0.040599
0.404186
0.030944
0.185508
0.026935
0.049214
0.177801
0.017016
0.270293
0.081618
0.080207
0.274792
0.190677
0.170242
0.052129
0.532926
0.183827
0.453545
0.101574
0.044057
0.133436
0.137633
0.034904
0.029109
0.312814
0.087272
0.15823
0.122129
0.047262
0.461215
0.164247
0.31826
0.114717
0.318041
0.05758
0.075019
0.08373
0.051433
0.033865
0.137468
0.282228
0.172083
0.149725
0.192782
0.444924
0.139472
0.054521
0.232077
0.461119
0.162302
0.080035
0.106869
0.04153
0.190719
0.056192
0.926506
0.122415
0.041073
0.19993
0.054249
0.111287
0.105939
0.19845
0.10627
0.282569
0.133048
0.1805
0.421271
0.16604
0.139049
0.090042
0.378455
0.214484
0.266698
0.044582
0.314229
0.029203
0.535402
0.128611
0.274152
0.172698
0.332466
0.312115
0.116858
0.157905
0.497413
0.158395
0.051924
0.184926
0.71362
0.136158
0.113005
0.296485
0.087264
0.205222
0.092511
0.116395
0.13005
0.108248
0.179865
0.132669
0.080725
0.050465
0.081877
0.150909
0.382733
0.043012
0.276763
0.30813
0.142254
0.255992
0.197014
0.072237
0.229585
0.027217
0.535169
0.594788
0.136116
0.262472
0.091562
0.064737
0.241513
0.214627
0.310728
0.464016
0.130725
0.145445
0.439362
0.118215
0.103296
0.3571
0.097419
0.197839
0.359507
0.458523
0.130961
0.048005
0.245022
0.161258
0.176405
0.282124
0.062218
0.424344
0.218474
0.128405
0.222174
0.12126
0.016797
0.107417
0.424882
0.165741
0.273499
0.09155
0.18321
0.402075
0.166226
0.321503
0.131996
0.071757
0.358667
0.503738
0.063568
0.351473
0.287422
0.183314
0.269563
0.286428
0.176431
0.123619
0.153846
0.129556
0.509595
0.058561
0.06993
0.181876
0.041589
0.079819
0.152569
0.339573
0.153867
0.308299
0.357181
0.212573
0.123418
0.084769
0.217726
0.108507
0.062022
0.253814
0.104167
0.200368
0.111612
0.107259
0.045386
0.078841
0.200673
0.217635
0.275957
0.061018
0.153381
0.335376
0.241196
0.369283
0.190552
0.193097
0.236012
0.027862
0.242514
0.049329
0.399472
0.102349
0.075836
0.364012
0.009554
0.170718
0.188359
0.295274
0.074211
0.200671
0.188944
0.08693
0.126946
0.088242
0.322436
0.10232
0.278523
0.441246
0.680128
0.32081
0.360542
0.426384
0.260173
0.350126
0.064883
0.093701
0.424747
0.429242
0.093966
0.295497
0.554731
0.692394
0.147749
0.295577
0.587807
0.154156
0.27073
0.244521
0.096638
0.037183
0.116711
0.152339
0.188278
0.217826
0.08985
0.506935
0.128143
0.10007
0.174471
0.229415
0.292243
0.098795
0.215628
0.162445
0.410953
0.146854
0.218065
0.030711
0.069152
0.047328
0.422588
0.195214
0.313348
0.157803
0.247094
0.338557
0.215627
0.151721
0.035229
0.135784
0.066677
0.410461
0.110366
0.546251
0.212339
0.391436
0.054484
0.074717
0.15307
0.444378
0.318997
0.477519
0.109709
0.04555
0.12626
0.126005
0.153768
0.345312
0.204548
0.272471
0.053115
0.280264
0.061036
0.185005
0.068868
0.173799
0.130794
0.114242
0.045374
0.369786
0.271555
0.026918
0.2219
0.25114
0.264858
0.107452
0.186702
0.053508
0.067433
0.364138
0.045834
0.104121
0.231827
0.077037
0.040028
0.12901
0.169136
0.268292
1.108781
0.095476
0.087022
0.489899
0.241533
0.144394
0.238473
0.146508
0.057824
0.051801
0.18041
0.113343
0.188462
0.981663
0.213134
0.093301
0.030169
0.315587
0.463299
0.124008
0.2534
0.842866
0.589662
0.148255
0.03117
0.288651
0.15851
0.227163
0.29539
0.090846
0.166618
0.315395
0.342586
0.13384
0.186248
0.319708
0.276385
0.365826
0.496038
0.749704
0.055993
0.036846
0.120091
0.206825
0.019352
0.050237
0.084639
0.120595
0.254648
0.184494
0.206804
0.062711
0.12216
0.222985
0.128279
0.095419
0.152065
0.674717
0.274728
0.151934
0.068526
0.309454
0.193684
0.31546
0.534706
0.030975
0.147854
0.16998
0.377189
0.183368
0.033684
0.223671
0.127695
0.200067
0.225325
0.07364
0.230112
0.312547
0.093962
0.075692
0.34821
0.087373
0.243186
0.071785
0.098181
0.119642
0.608308
0.237452
0.040884
0.119035
0.195212
0.068582
0.415356
0.511911
0.039173
0.170313
0.300481
0.094101
0.222139
0.112502
0.164944
0.143486
0.228012
0.320911
0.082815
0.210236
0.080844
0.143918
0.070256
0.392439
0.011943
0.096929
0.308682
0.159909
0.063669
0.24299
0.260942
0.066595
0.045034
0.289307
0.160121
0.233342
0.27976
0.164794
0.036619
0.090689
0.106886
0.352365
0.155834
0.047198
0.266172
0.29579
0.319555
0.043351
0.223725
0.230093
0.120008
0.044507
0.033088
0.097582
0.168083
0.156675
0.12661
0.092875
0.421887
0.35699
0.256295
0.275857
0.813285
0.319427
0.051698
0.346049
0.074192
0.367826
0.300422
0.318563
0.042021
0.090731
0.1252
0.037289
0.033326
0.079991
0.536102
0.25874
0.160147
0.195184
0.128676
0.304358
0.074682
0.073039
0.073175
0.4551
0.259254
0.100022
0.155171
0.852078
0.148888
0.182255
0.059329
0.826356
0.314077
0.062094
0.278231
0.041659
0.265543
0.009915
0.038978
0.173074
0.374447
0.356569
0.29043
0.13844
0.226657
0.111022
0.167121
0.117593
0.114775
0.067246
0.232953
0.205519
0.304881
0.154373
0.078775
0.55094
0.304021
0.076639
0.351767
0.314253
0.347424
0.145032
0.248987
0.110416
0.060052
0.087997
0.240609
0.137075
0.095518
0.073854
0.06413
0.06842
0.289916
0.147793
0.260149
0.444196
0.327189
0.121821
0.175429
0.267983
0.426866
0.063309
0.114833
0.493692
0.137263
0.145716
0.230729
0.126425
0.316722
0.486987
0.112585
0.198501
0.018129
0.099259
0.471578
0.18823
0.188728
0.099219
0.214521
0.07518
0.040759
0.126153
0.111654
0.273834
0.118405
0.011256
0.123523
0.121017
0.196787
0.178049
0.237199
0.186767
0.255402
0.324803
0.124986
0.251058
0.171423
0.130745
0.121165
0.332803
0.182094
0.203865
0.382821
0.156015
0.617578
0.554446
0.204308
0.214645
0.174861
0.564714
0.152042
0.160673
0.127825
0.119457
0.051872
0.477019
0.139149
0.041791
0.273926
0.238122
0.185017
0.436961
0.077038
0.336459
0.109962
0.063275
0.086687
0.219253
0.128572
1.136846
0.709956
0.121375
0.157926
0.224766
0.248721
0.760535
0.169659
0.135313
0.11213
0.397508
0.139932
0.101096
0.149784
0.026313
0.272252
0.237174
0.434924
0.113591
0.081671
0.166175
0.205501
0.643048
0.10285
0.090037
0.395373
0.066227
0.042873
0.135556
0.012914
0.127215
0.108
0.614193
0.274111
0.146765
0.200836
0.232762
0.096768
0.604645
0.1188
0.428675
0.080454
0.027588
0.11337
0.120074
0.127428
0.593048
0.30893
0.03513
0.109642
0.02546
0.215697
0.202406
0.277441
0.164029
0.132705
0.294461
0.100272
0.184044
0.232366
0.12067
0.305203
0.267632
0.265276
0.04947
0.257105
0.332218
0.320831
0.281255
0.190288
0.608894
0.138907
0.251939
0.239461
0.299977
0.061584
0.107644
0.041661
0.191316
0.255695
0.259386
0.531342
0.257228
0.065478
0.332489
0.228902
0.171003
0.095799
0.204447
0.16003
0.050764
0.057442
0.582088
0.037122
0.140536
0.174798
0.353503
0.074764
0.103661
0.128178
0.053545
0.43079
0.255223
0.182124
0.061441
0.674913
0.281972
0.071986
0.403077
0.169789
0.070333
0.054477
0.055174
0.037964
0.080223
0.206017
0.148934
0.407787
0.144152
0.041478
0.425672
0.070347
0.038622
0.194206
0.045472
0.423881
0.049028
0.372681
0.237761
0.174502
0.219973
0.12286
0.233881
0.242121
0.140205
0.254145
0.523074
0.033334
0.158503
0.115162
0.323929
0.718923
0.188902
0.093543
0.122214
0.084098
0.619096
0.351549
0.036627
0.027349
0.163528
0.12303
0.350308
0.059694
0.100657
0.164819
0.07436
0.131279
0.577979
0.132109
0.543291
0.171703
0.054721
0.267426
0.05904
0.574956
0.036019
0.19485
0.022478
0.172321
0.276114
0.120254
0.227088
0.112517
0.286445
0.319619
0.315257
0.322384
0.275128
0.017654
0.463302
0.140499
0.479082
0.107817
0.155883
0.17853
0.129397
0.066977
0.163116
0.053031
0.39455
0.11832
0.208296
0.18868
0.162278
0.680886
0.697497
0.058457
0.237391
0.148187
0.088078
0.576208
0.225132
0.036861
0.154982
0.181453
0.025413
0.117686
0.46251
0.194681
0.302709
0.248042
0.495698
0.239989
0.22144
0.054993
0.163141
0.120663
0.140525
0.283707
0.085709
0.288419
0.69359
0.297975
0.062239
0.075095
0.034347
0.201746
0.080223
0.47728
0.110293
0.272019
0.163829
0.245567
0.267689
0.088122
0.155645
0.226578
0.151331
0.48694
0.142842
0.205104
0.083208
0.218277
0.271058
0.093292
0.031892
0.064952
0.105239
0.28922
0.521727
0.142515
0.066269
0.252447
0.267179
0.046687
0.116191
0.142263
0.058062
0.070074
0.515629
0.062861
0.307808
0.051847
0.128629
0.138203
0.139558
0.170871
0.018136
0.207221
0.079235
0.259868
0.219262
0.299438
0.129707
0.120297
0.486984
0.367696
0.123775
0.222373
0.270628
0.196726
0.0871
0.262791
0.231879
0.402845
0.057496
0.224453
0.077335
0.074139
0.185653
0.221514
0.07687
0.059097
0.010988
0.022166
0.384204
0.027988
0.041138
0.107838
0.074244
0.106058
0.199084
0.14536
0.046909
0.191687
0.353083
0.478919
0.14766
0.0947
0.035209
0.100764
0.131905
0.202921
0.322729
0.013569
0.177875
0.205886
0.200801
0.363096
0.068702
0.334927
0.074798
0.023832
0.150289
0.107191
0.15341
0.572077
0.193795
0.148485
0.173058
0.216761
0.35122
0.044546
0.086134
0.375939
0.179632
0.329368
0.227945
0.048562
0.108982
0.340871
0.115088
0.052726
0.36394
0.533666
0.43043
0.174398
0.077832
0.061983
0.090709
0.294579
0.193657
0.13328
0.405751
0.121492
0.23829
0.153834
0.198011
0.096864
0.094008
0.205204
0.116378
0.052291
0.232377
0.205308
0.275859
0.241977
0.067567
0.114316
0.416707
0.055365
0.084536
0.123329
0.441572
0.019627
0.075606
0.15089
0.049159
0.199555
0.46866
0.100668
0.041228
0.142311
0.780915
0.64112
0.031953
0.183339
0.369661
0.280783
0.190929
0.094366
0.351697
0.064429
0.277998
0.056632
0.615582
0.251731
0.210598
0.052205
0.204115
0.175406
0.109305
0.06865
0.15584
0.219675
0.518071
0.061187
0.291874
0.156501
0.277492
0.046212
0.055509
0.219741
0.163369
0.100062
0.0677
0.152049
0.12446
0.14815
0.086081
0.116251
0.264481
0.156344
0.18332
0.286258
0.41104
0.241575
0.499929
0.264583
0.231015
0.369409
0.328081
0.144955
0.273024
0.074093
0.046141
0.140179
0.43078
0.124898
0.338454
0.322872
0.237668
0.183662
0.388809
0.034246
0.142503
0.089476
0.206724
0.187205
0.239944
0.056544
0.126152
0.669394
0.111376
0.3234
0.116417
0.100149
0.212133
0.268507
0.194422
0.275718
0.074276
0.346617
0.162492
0.230564
0.127099
0.20473
0.206328
0.47424
0.798256
0.263067
0.276645
0.478279
0.137814
0.038161
0.44962
0.234393
0.146868
0.02528
0.462369
0.250681
0.066731
0.199771
0.114392
0.602402
0.314309
0.177013
0.031049
0.029438
0.241574
0.563396
0.125392
0.148707
0.101679
0.253442
0.132807
0.10114
0.244927
0.088469
0.351127
0.214037
0.306128
0.310118
0.038756
0.307648
0.027126
0.201663
0.267706
0.769269
0.608874
0.340393
0.159646
0.097823
0.403229
0.159763
0.177982
0.353866
0.389275
0.195834
0.259526
0.094799
0.179096
0.214824
0.173713
0.285381
0.243667
0.416147
0.490712
0.166143
0.388067
0.075316
0.078281
0.377369
0.040388
0.329918
0.117353
0.010923
0.096208
0.079811
0.301196
0.029902
0.406352
0.114866
0.210136
0.450698
0.179179
0.113571
0.317791
0.26484
0.122907
0.415816
0.097674
0.277489
0.083212
0.15784
0.09109
0.419169
0.449074
0.037184
0.274065
0.142523
0.064037
0.101532
0.481617
0.375311
0.086711
0.101741
0.954437
0.211481
0.278189
0.293473
0.151745
0.282396
0.1239
0.104275
0.535123
0.484199
0.130838
0.108603
0.129185
0.190718
0.365966
0.057811
0.269404
0.675579
0.212725
0.097491
0.08318
0.078949
0.435995
0.067978
0.097282
0.138973
0.005854
0.192281
0.264115
0.029155
0.451487
0.223472
0.421339
0.329472
0.284246
0.086026
0.190314
0.185553
0.377307
0.29423
0.068817
0.34056
0.194084
0.379843
0.081169
0.478559
0.306595
0.483146
0.040028
0.085998
0.006993
0.110373
0.236819
0.373052
0.239816
0.277752
0.453264
0.221856
0.059038
0.185486
0.147079
0.603083
0.267735
0.130277
0.039945
0.394585
0.296334
0.159146
0.102744
0.560571
0.041678
0.109214
0.499272
0.067785
0.10687
0.126449
0.563532
0.06413
0.311406
0.187373
0.091524
0.067097
0.075593
0.124021
0.081832
0.236526
0.353243
0.164351
0.491646
0.149101
0.313077
0.186137
0.091616
0.321219
0.225579
0.134814
0.236985
0.183909
0.139621
0.045143
0.103189
0.079469
0.194103
0.258714
0.181488
0.075676
0.025674
0.283222
0.03388
0.058627
0.225743
0.110704
0.115258
0.120305
0.32175
0.205239
0.133576
0.325297
0.259195
0.190375
0.515661
0.248736
0.377849
0.193624
0.121127
0.092185
0.221696
0.128995
0.092337
0.037737
0.059013
0.137635
0.277217
0.22266
0.689007
0.202347
0.296864
0.064879
0.22395
0.321055
0.085655
0.10614
0.031031
0.204733
0.218345
0.356807
0.396554
0.412028
0.251355
0.232312
0.773505
0.099765
0.029153
0.264305
0.366465
0.230923
0.043449
0.729855
0.090524
0.137426
0.119331
0.179161
0.127596
0.146382
0.082891
0.174322
0.262879
0.338604
0.436352
0.200033
0.124148
0.533597
0.233913
0.060147
0.047768
0.031428
0.176871
0.179321
0.105209
0.139003
0.135348
0.314353
0.08239
0.257271
0.067341
0.21204
0.399523
0.220754
0.309957
0.167072
0.263098
0.118553
0.389799
0.15583
0.146781
0.590499
0.365417
0.141167
0.056424
0.414451
0.193213
0.222079
0.163718
0.112055
0.121722
0.6288
0.066858
0.118115
0.115728
0.13237
0.337991
0.150876
0.111979
0.561792
0.102877
0.235912
0.365527
0.096382
0.430915
0.09436
0.36291
0.285221
0.171989
0.054827
0.510368
0.085838
0.062792
0.231247
0.24848
1.095362
0.329211
0.105583
0.139705
0.215035
0.393435
0.470833
0.267973
0.133266
0.226026
0.135599
0.037129
0.082522
0.369529
0.113971
0.030235
0.021128
0.450472
0.138655
0.238674
0.132673
0.302294
0.498835
0.136247
0.37935
0.174461
0.084928
0.080157
0.063336
0.035073
0.238042
0.261949
0.181732
0.301964
0.188981
0.385894
0.264873
0.647106
0.215318
0.170226
0.174004
0.072251
0.498269
0.107035
0.172272
0.335046
0.054295
0.09529
0.088159
0.043441
0.349368
0.205122
0.026366
0.224291
0.271989
0.321542
0.105543
0.052632
0.239286
0.381985
0.103078
0.296526
0.137507
0.18598
0.097883
0.172268
0.127699
0.032639
0.176304
0.618681
0.131875
0.356707
0.246397
0.069447
0.022688
0.139926
0.09841
0.47874
0.131011
0.16447
0.368766
0.665718
0.71029
0.173007
0.234674
0.035646
0.24301
0.233257
0.438547
0.132983
0.38152
0.36
0.071531
0.099648
0.120676
0.229472
0.049043
0.101836
0.169851
0.094087
0.346062
0.126128
0.219146
0.23024
0.28898
0.162362
0.06496
0.533145
0.090963
0.405145
0.646443
0.32582
0.306484
0.113789
0.169486
0.045515
0.476934
0.040654
0.328667
0.114171
0.301359
0.082004
0.271931
0.336978
0.063991
0.118971
0.177742
0.225417
0.259628
0.278277
0.242418
0.103826
0.225861
0.095699
0.204459
0.17077
0.276282
0.014161
0.0215
0.097886
0.251995
0.069406
0.076523
0.300392
0.135657
0.095295
0.174671
0.035522
0.086016
0.030786
0.128992
0.269508
0.180668
0.126142
0.134956
0.146357
0.354186
0.307052
0.182974
0.197629
0.127483
0.158464
0.157704
0.176484
0.202397
0.220717
0.045107
0.456934
0.191299
0.01452
0.326161
0.359939
0.074145
0.107264
0.087121
0.156798
0.237168
0.150471
0.471228
0.290729
0.244889
0.246785
0.176334
0.398406
0.196549
0.051644
0.500999
0.081293
0.277904
0.091469
0.923955
0.177983
0.165556
0.293516
0.294911
0.059046
0.146008
0.063572
0.631736
0.215614
0.167488
0.173319
0.309374
0.085079
0.13847
0.432313
0.123639
0.200712
0.367919
0.069123
0.060205
0.053524
0.065772
0.122929
0.173809
0.122696
0.14616
0.15438
0.308436
0.361765
0.350272
0.132044
0.071813
0.060413
0.022872
0.057136
0.184962
0.220069
0.15675
0.360578
0.421814
0.186566
0.122841
0.201302
0.462836
0.133564
0.389931
0.18572
0.048301
0.346746
0.094399
0.10148
0.08298
0.109333
0.605889
0.066252
0.192202
0.068366
0.297417
0.176006
0.380901
0.338147
0.244599
0.168809
0.229005
0.20347
0.03807
0.244686
0.316329
0.453328
0.162917
0.016576
0.1601
0.44135
0.471175
0.192467
0.075863
0.466037
0.754141
0.031498
0.191912
0.132169
0.021799
0.095823
0.262321
0.435056
0.21954
0.128029
0.237757
0.089033
0.140541
0.329504
0.322729
0.019046
0.342105
0.100803
0.126286
0.103666
0.184925
0.141846
0.483173
0.174772
0.189603
0.177012
0.088751
0.072239
0.135057
0.062565
0.073377
0.09357
0.236993
0.062127
0.395167
0.777036
0.266796
0.301162
0.058668
0.022735
0.014678
0.024554
0.144927
0.478929
0.336493
0.077959
0.757523
0.21565
0.140147
0.066612
0.02644
0.103535
0.060485
0.022513
0.23191
0.085971
0.035038
0.062131
0.154169
0.09118
0.100786
0.237157
0.028359
0.082037
0.219387
0.069097
0.2745
0.118025
0.150214
0.077194
0.274267
0.120525
0.43789
0.121691
0.109984
0.325475
0.053831
0.106808
0.186763
0.053783
0.082725
0.183744
0.062038
0.211834
0.25408
0.011865
0.245779
0.138523
0.329706
0.157596
0.339297
0.064856
0.074003
0.244581
0.470291
0.660058
0.163704
0.364451
0.092153
0.153777
0.762436
0.082592
0.345333
0.240658
0.151895
0.278238
0.536553
0.129304
0.109658
0.040643
0.026488
0.154008
0.851642
0.044622
0.236906
0.177505
0.292335
0.053138
0.32938
0.179522
0.112116
0.287594
0.041868
0.071216
0.264451
0.065771
0.106389
0.087675
0.1337
0.124313
0.109391
0.394708
0.151694
0.324525
0.152783
0.220218
0.237683
0.212397
0.249966
0.353145
0.054138
0.177687
0.184903
0.220092
0.238043
0.141723
0.277652
0.444169
0.233317
0.148889
0.055697
0.193692
0.252951
0.124784
0.588656
0.115923
0.170347
0.095683
0.382386
0.11551
0.217558
0.111675
0.091438
0.175962
0.802553
0.030351
0.197874
0.055725
0.08009
0.129855
0.388383
0.503341
0.168606
0.181033
0.186082
0.319618
0.074311
0.556202
0.18373
0.358332
0.252549
0.174188
0.270074
0.076694
0.334862
0.141612
0.201507
0.201516
0.14933
0.105319
0.022676
0.362631
0.149611
0.149905
0.183764
0.213049
0.197831
0.179911
0.342745
0.48622
0.263546
0.143308
0.133982
0.222617
0.166601
0.210908
0.111279
0.148615
0.250877
0.230479
0.218332
0.1566
0.148276
0.01281
0.227127
0.195818
0.169393
0.252114
0.193012
0.23717
0.093263
0.45454
0.316615
0.075386
0.124938
0.307839
0.271532
0.091321
0.537824
0.446192
0.387055
0.160036
0.3578
0.088468
0.132389
0.206376
0.604616
0.228508
0.265704
0.032241
0.21334
0.109453
0.201923
0.293474
0.052679
0.179839
0.217953
0.092325
0.42284
0.057678
0.080745
0.251215
0.080493
0.204122
0.400128
0.058456
0.528962
0.136029
0.555765
0.046757
0.05687
0.236129
0.056734
0.52308
0.077073
0.372047
0.133477
0.027593
0.214355
0.502303
0.134337
0.143139
0.361673
0.2489
0.673469
0.080133
0.261796
0.12246
0.135797
0.136264
0.073758
0.04189
0.075807
0.023854
