0.344147
0.143789
0.232111
0.494995
0.255474
0.163432
0.159521
0.091521
0.076942
0.402631
0.2245
0.264638
0.058596
0.118835
0.066028
0.270768
0.232998
0.114933
0.152954
0.013274
0.115584
0.210552
0.127352
0.120802
0.107223
0.446831
0.365912
0.262178
0.16205
0.13537
0.283569
0.331686
0.073629
0.037405
0.237226
0.078674
0.424312
0.263778
0.276915
0.240724
0.470053
0.073679
0.313733
0.319706
0.150426
0.351748
0.136184
0.198939
0.076664
0.104595
0.036285
0.110445
0.044977
0.118508
0.22116
0.404557
0.282062
0.173939
0.363053
0.126614
0.348444
0.115383
0.215742
0.163937
0.359826
0.045
0.195194
0.295843
0.872428
0.163591
0.659383
0.162708
0.436098
0.159177
0.234529
0.278955
0.240908
0.049316
0.278738
0.059229
0.346016
1.104299
0.218473
0.156624
0.452571
0.494879
0.242813
0.079434
0.058373
0.41945
0.240644
0.059756
0.854904
0.448855
0.327739
0.403977
0.115883
0.164343
0.353934
0.120985
0.190684
0.022135
0.030922
0.340238
0.325119
0.084705
0.244613
0.12781
0.132447
0.193309
0.148719
0.446012
0.014098
0.58672
0.055588
0.106712
0.151424
0.284904
0.503531
0.033897
0.275347
0.252553
0.188734
0.153792
0.263402
0.056944
0.059519
0.777501
0.260467
0.103144
0.50527
0.182137
0.631381
0.153458
0.109932
0.084175
0.085156
0.081779
0.345714
0.41584
0.035426
0.014631
0.326143
0.339377
0.249757
0.129863
0.035919
0.092062
0.219461
0.172824
0.026988
0.037638
0.710713
0.0969
0.165899
0.25652
0.053607
0.162199
0.124259
0.027362
0.247139
0.167262
0.182116
0.150804
0.124316
0.140903
0.065138
0.335215
0.279667
0.156366
0.139921
0.374217
0.406491
0.296882
0.111072
0.070505
0.168265
0.188499
0.098534
0.084914
0.105171
0.159051
0.050833
0.13795
0.151145
0.287799
0.106172
0.135763
0.264489
0.241803
0.032972
0.074871
0.217135
0.145243
0.307994
0.510741
0.226132
0.089656
0.155284
0.288641
0.061415
0.198361
0.091973
0.275606
0.111953
0.124863
0.147514
0.172517
0.023034
0.126217
0.215559
0.12789
0.236162
0.329012
0.152703
0.055997
0.325003
0.155643
0.049158
0.192736
0.15393
0.067419
0.282748
0.202268
0.372946
0.103504
0.165555
0.181519
0.349869
0.132996
0.257472
0.189305
0.164485
0.176713
0.158185
0.084995
0.069371
0.185956
0.084142
0.733814
0.477563
0.2452
0.061576
0.233188
0.013281
0.16087
0.161111
0.244898
0.220745
0.172534
0.138173
0.140706
0.754883
0.01361
0.074002
0.040624
0.389276
0.248015
0.078834
0.099292
0.17011
0.025852
0.219861
0.171915
0.340629
0.490182
0.118003
0.057302
0.0644
0.493675
0.33718
0.446194
0.118965
0.032282
0.111909
0.153797
0.011954
0.088675
0.680809
0.143029
0.221203
0.446072
0.255119
0.22436
0.539093
0.089853
0.081968
0.064681
0.11936
0.121004
0.066578
0.066451
0.073275
0.29288
0.122332
0.143121
0.034842
0.03497
0.079413
0.275068
0.268447
0.39056
0.138112
0.234825
0.364277
0.303412
0.560437
0.283107
0.029146
0.363024
0.323766
0.411434
0.374028
0.109855
0.180491
0.269304
0.062948
0.071763
0.069452
0.422364
0.231163
0.051197
0.268089
0.1523
0.268099
0.136696
0.209047
0.727214
0.10777
0.215193
0.084821
0.106619
0.218085
0.134687
0.111408
0.483356
0.200805
0.488226
0.128503
0.195695
0.100312
0.262781
0.174028
0.073276
0.117722
0.248219
0.125015
0.092759
0.138342
0.157888
0.099096
0.02123
0.141535
0.267501
0.41552
0.064792
0.312564
0.479016
0.1586
0.050299
0.070128
0.106197
0.052548
0.264816
0.046615
0.078427
0.353461
0.401615
0.159426
0.16155
0.535618
0.178666
0.300658
0.139732
0.195667
0.105594
0.969203
0.11976
0.080241
0.11438
0.119782
0.212116
0.074503
0.120711
0.197198
0.092697
0.116713
1.10092
0.244931
0.167618
0.066216
0.195584
0.37863
0.149801
0.351043
0.053627
0.040961
0.335386
0.238992
0.031362
0.05816
0.190776
0.136145
0.40763
0.094529
0.148191
0.157955
0.127731
0.048052
0.291304
0.13074
0.094887
0.237503
0.13034
0.099587
0.401728
0.41419
0.386698
0.514146
0.05778
0.463032
0.544896
0.031083
0.195088
0.264556
0.207087
0.100386
0.051122
0.466707
0.23063
0.154202
0.535585
0.261796
0.47004
0.136299
0.18044
0.335716
0.053686
0.29315
0.358144
0.301378
0.103734
0.056261
0.089136
0.078544
0.09797
0.107356
0.201814
0.201159
0.230684
0.290557
0.042692
0.165734
0.051325
0.196578
0.034376
0.681073
0.884847
0.060065
0.298622
0.100147
0.080822
0.205584
0.241321
0.150067
0.104806
0.038155
0.075785
0.087777
0.319209
0.424344
0.098333
0.177387
0.251984
0.117554
0.271902
0.060813
0.438171
0.127302
0.156353
0.118674
0.229083
0.293768
0.054092
0.273983
0.081694
0.045776
0.238855
0.057178
0.170871
0.269752
0.171205
0.125215
0.084907
0.204073
0.168205
0.100574
0.378054
0.145249
0.069637
0.194584
0.201805
0.093048
0.312211
0.256588
0.162666
0.237546
0.116237
0.047982
0.101211
0.050368
0.19308
0.268362
0.104373
0.150486
0.107414
0.25528
0.104727
0.223392
0.273804
0.039854
0.0974
0.130177
0.179659
0.076673
0.115095
0.155254
0.30994
0.066212
0.318665
0.047475
0.169629
0.327853
0.328254
0.258804
0.025245
0.924875
0.151038
0.350852
0.219674
0.142828
0.085457
0.799159
0.620307
0.140049
0.183895
0.21893
0.04089
0.285386
0.337519
0.351127
0.095788
0.056904
0.279633
0.162354
0.20401
0.290613
0.054074
0.255786
0.075713
0.097068
0.281311
0.399879
0.109814
0.55069
0.101129
0.163384
0.209641
0.111272
0.022833
0.28215
0.033374
0.495633
0.083164
0.060609
0.104735
0.133689
0.09357
0.216654
0.546833
0.362622
0.458959
0.073551
0.17617
0.132337
0.08405
0.158124
0.142002
0.293534
0.573121
0.03846
0.151244
0.116116
0.196493
0.71746
0.622507
0.08896
0.254381
0.419192
0.572238
0.49936
0.142687
0.165884
0.066568
0.127511
0.518601
0.138483
0.193237
0.313186
0.448907
0.098275
0.070161
0.102095
0.067547
0.061188
0.49209
0.129716
0.51439
0.201408
0.417494
0.109372
0.145507
0.064854
0.047767
0.100268
0.134689
0.12092
0.179661
0.043548
0.332944
0.291443
0.058499
0.137549
0.126472
0.259397
0.132489
0.118657
0.158934
0.289924
0.112146
0.065416
0.108226
0.168457
0.330945
0.151574
0.132648
0.061901
0.143329
0.081641
0.572607
0.107136
0.117637
0.331616
0.197265
0.103384
0.093272
0.015562
0.076283
0.060407
0.09389
0.052565
0.128521
0.038707
0.202914
0.322309
0.192973
0.051589
0.251438
0.101555
0.211993
0.182198
0.187229
0.021349
0.180513
0.09939
0.134645
0.464824
0.118722
0.316664
0.190045
0.359084
0.175649
0.180518
0.065012
0.138718
0.059972
0.472279
0.232121
0.028536
0.095872
0.198627
0.210641
0.041783
0.16776
0.393827
0.965668
0.115833
0.336984
0.230199
0.303425
0.034626
0.240934
0.169591
0.516806
0.041399
0.275597
0.113928
0.026795
0.134897
0.189226
0.165751
0.250423
0.225126
0.426402
0.428659
0.320818
0.26396
0.055673
0.241321
0.204346
0.450861
0.17816
0.09652
0.029317
0.303755
0.264153
0.144788
0.29101
0.342448
0.335016
0.292784
0.098532
0.113651
0.415642
0.369491
0.112544
0.126259
0.092396
0.123725
0.192335
0.023534
0.135885
0.229517
0.205298
0.081237
0.040341
0.111638
0.216014
0.185318
0.075988
0.146069
0.17003
0.157191
0.038025
0.12669
0.245816
0.496807
0.117506
0.302922
0.283932
0.131383
0.073429
0.273372
0.272531
0.083353
1.481514
0.114367
0.165637
0.468555
0.247361
0.115345
0.121154
0.283113
0.07624
0.115813
0.230818
0.132031
0.035905
0.883509
0.074303
0.24288
0.050903
0.052157
0.071261
0.267121
0.041127
0.088266
0.164652
0.102126
0.225553
0.075341
0.277384
0.09131
0.403452
0.282506
0.211096
0.148993
0.19625
0.25534
0.382217
0.127853
0.850753
0.079938
0.816636
0.626676
0.091627
0.207537
0.398169
0.335613
0.105534
0.167303
0.205072
0.325498
0.059562
0.088538
0.375432
0.14078
0.970946
0.055288
0.198749
0.424235
0.167726
0.377023
0.143223
0.246733
0.254993
0.44699
0.136273
0.803361
0.106804
0.306454
0.160863
0.106595
0.198597
0.239529
0.112323
0.481473
0.210672
0.459336
0.298766
0.254855
0.096632
0.062192
0.165116
0.146593
0.122623
0.864171
0.10884
0.063164
0.069286
0.655999
0.057321
0.167835
0.228262
0.153383
0.18946
0.061145
0.405038
0.452354
0.154092
0.216489
0.164088
0.060167
0.082185
0.542407
0.541987
0.250173
0.453982
0.145093
0.414075
0.108425
0.229171
0.017574
0.753516
0.299533
0.112131
0.094208
0.12065
0.036511
0.145129
0.564333
0.302005
0.221044
0.025171
0.178567
0.270297
0.403477
0.079651
0.28959
0.093616
0.025534
0.02575
0.532861
0.418082
0.402588
0.093208
0.068332
0.163335
0.439028
0.024417
0.443998
0.107234
0.235084
0.219465
0.056341
0.178372
0.693482
0.28377
0.075161
0.06946
0.465051
0.064362
0.477178
0.164502
0.261885
0.142272
0.222737
0.090183
0.10372
0.08056
0.113267
0.261788
0.118977
0.260612
0.203463
0.203915
0.323411
0.152228
0.473069
0.042641
0.051434
0.228932
0.956611
0.076511
0.132827
0.034096
0.070352
0.412096
0.411044
0.339839
0.395667
0.074197
0.021662
0.084452
0.12553
0.087617
0.162361
0.073637
0.369233
0.037227
0.261047
0.013202
0.079234
0.328487
0.152569
0.421933
0.354943
0.047934
0.087951
0.214761
0.419159
0.234618
0.075561
0.248975
0.077747
0.063578
0.317464
0.047033
0.182095
0.065218
0.327128
0.032188
0.222535
0.063185
1.005094
0.286496
0.217184
0.110954
0.096157
0.395414
0.154993
0.141215
0.336267
0.447167
0.060945
0.083239
0.035459
0.270884
0.041469
0.177044
0.13428
0.152751
0.05174
0.237912
0.115798
0.141241
0.250051
0.058472
0.050352
0.06782
0.129746
0.065914
0.199552
0.161092
0.228016
0.216746
0.099524
0.084622
0.184169
0.219816
0.41951
0.192924
0.205788
0.188955
0.190041
0.076926
0.142692
0.21063
0.116737
0.225818
0.247552
0.128574
0.096242
0.26257
0.575425
0.673541
0.24383
0.069687
0.511742
0.084921
0.10238
0.01541
0.087394
0.334593
0.12182
0.068425
0.499536
0.118273
0.082203
0.046644
0.021235
0.36367
0.152833
0.225221
0.073982
0.134072
0.055787
0.492073
0.235186
0.124463
0.15291
0.355384
0.184804
0.116718
0.177919
0.042
0.230037
0.123252
0.221198
0.195511
0.109395
0.268862
0.129407
0.297098
0.384661
0.307112
0.161641
0.230567
0.151249
0.121338
0.083959
0.22299
0.081
0.170918
0.176931
0.328415
0.187941
0.090013
0.201626
0.088055
0.049502
0.117303
0.318799
0.423855
0.280384
0.131071
0.231297
0.060271
0.099149
0.081643
0.100722
0.071825
0.370447
0.28812
0.192323
0.061177
0.101106
0.14804
0.050449
0.205747
0.256484
0.19076
0.05329
0.287299
0.234704
0.547237
0.076281
0.216761
0.143372
0.06692
0.2787
0.016548
0.523176
0.085419
0.904745
0.28597
0.998172
0.062106
0.118656
0.184092
0.024182
0.085812
0.093762
0.138466
0.125282
0.351196
0.072403
0.2487
0.131397
0.771389
0.141389
0.108826
0.5381
0.123031
0.33742
0.054061
0.061183
0.082616
0.212172
0.039811
0.116226
0.103167
0.192118
0.11218
0.190037
0.376405
0.217979
0.192302
0.093218
0.203566
0.384767
0.027432
0.35872
0.184828
0.117752
0.174207
0.064646
0.144464
0.083657
0.042598
0.322223
0.075101
0.23823
0.249208
0.090768
0.295448
0.154978
0.303818
0.246536
0.211432
0.097378
0.068222
0.065606
0.127833
0.187314
0.292802
0.119861
0.17827
0.484479
0.160981
0.225602
0.324506
0.318287
0.192994
0.440753
0.030465
0.15349
0.111408
0.102084
0.19423
0.166025
0.868708
0.121303
0.093238
0.256731
0.275266
0.354273
0.806399
0.102942
0.146806
0.043692
0.081818
0.04964
0.352681
0.152086
0.437857
0.196457
0.150958
0.120739
0.172366
0.491325
0.064363
0.041715
0.346127
0.091778
0.088601
0.250533
0.039579
0.020877
0.665081
0.234012
0.050893
0.221065
0.053604
0.105133
0.200218
0.9543
0.173739
0.231735
0.363085
0.10354
0.158185
0.091609
0.106842
0.077249
0.231195
0.073705
0.074846
0.110026
0.454397
0.286653
0.351336
0.150613
0.228776
0.295656
0.0962
0.116345
0.220755
0.019722
0.454081
0.353111
0.130442
0.024612
0.045048
0.328221
0.176076
0.124651
0.14112
0.040542
0.114737
0.197093
0.211415
0.212658
0.15159
0.389385
0.162027
0.440008
0.051353
0.09682
0.232212
0.265434
0.288217
0.161392
0.272699
0.044779
0.375871
0.121804
0.172106
0.062598
0.076516
0.037606
0.313729
0.594375
0.184052
0.476358
0.238477
0.26095
0.328729
0.228078
0.153255
0.363431
0.120744
0.133275
0.149116
0.216582
0.076069
0.129812
0.096143
0.164289
0.286562
0.099365
0.090939
0.124283
0.418663
0.097729
0.260979
0.089576
0.174453
0.008339
0.006244
0.0786
0.373269
0.074968
0.267101
0.090851
0.091748
0.363011
0.029901
0.247054
0.228193
0.019334
0.13996
0.381074
0.327971
0.841527
0.212372
0.152615
0.11052
0.13694
0.179833
0.314932
0.028053
1.065425
0.062364
0.294757
0.163905
0.143508
0.119205
0.326985
0.249212
0.088778
0.050397
0.069243
0.105386
0.275533
0.132762
0.150062
0.202642
0.195585
0.097208
0.076843
0.173271
0.067172
0.099872
0.16176
0.220853
0.064388
0.260308
0.244337
0.381799
0.170202
0.310637
0.126096
0.13804
0.186223
0.17881
0.240437
0.161453
0.280182
0.13959
0.213711
0.135162
0.334023
0.067798
0.047947
0.170631
0.226939
0.619315
0.074108
0.051675
0.20505
0.137675
0.19987
0.224798
0.205524
0.337868
0.16911
0.163386
0.316752
0.475141
0.090127
0.068066
0.049727
0.081409
0.332182
0.17541
0.080484
0.208624
0.307462
0.412724
0.22868
0.577447
0.094321
0.129172
0.360354
0.052615
0.130195
0.307558
0.135254
0.025236
0.278221
0.141162
0.108464
0.097778
0.325744
0.097571
0.327812
0.224701
0.230466
0.080369
0.049211
0.37184
0.201548
0.082149
0.178746
0.486832
0.234511
0.396775
0.309451
0.115272
0.141272
0.171991
0.160535
0.238229
0.080452
0.223737
0.375601
0.218707
0.178465
0.098532
0.222942
0.113417
0.197664
0.341537
0.185664
0.160173
0.234977
0.192905
0.130078
0.047463
0.125298
0.140157
0.137096
0.106294
0.097874
0.457465
0.068075
0.329228
0.186753
0.220361
0.115214
0.062842
0.161305
0.140279
0.172194
0.055514
0.312361
0.070585
0.294558
0.851133
0.340015
0.114364
0.176524
0.208775
0.159293
0.136677
0.289444
0.126799
0.635289
0.446474
0.268318
0.097898
0.062648
0.149573
0.101439
0.762843
0.220874
0.535186
0.12454
0.495606
0.263866
0.270895
0.218411
0.129292
0.099118
0.118407
0.205253
0.088279
0.062397
0.247461
0.361145
0.623941
0.181462
0.204698
0.104655
0.068567
0.282287
0.031279
0.457127
0.077914
0.360246
0.103019
0.062258
0.584836
0.10975
0.123086
0.552225
0.126979
0.20079
0.084317
0.048627
0.192673
0.473033
0.136639
0.10157
0.060542
0.16868
0.709842
0.052716
0.196894
0.275447
0.160464
0.193882
0.113145
0.110241
0.189982
0.071404
0.184127
0.128444
0.161337
0.321739
0.059463
0.019366
0.211057
0.112463
0.187944
0.377365
0.044811
0.061201
0.54696
0.099141
0.1461
0.021818
0.310938
0.361323
0.300048
0.262667
0.292056
0.343898
0.37478
0.162203
0.094511
0.165074
0.205868
0.085392
0.361688
0.27377
0.210008
0.121707
0.264556
0.213359
0.06266
0.087501
0.321228
0.128509
0.020019
0.078434
0.144707
0.506774
0.520634
0.399315
0.083259
0.203529
0.039014
0.077356
0.177628
0.100533
0.227561
0.176756
0.271884
0.25546
0.260112
0.220212
0.074037
0.179699
0.361077
0.086412
0.075509
0.134137
0.195438
0.127361
0.081857
0.200045
0.080534
0.084391
0.025191
0.357298
0.100539
0.410301
0.054343
0.074592
0.294593
0.026836
0.072363
0.065652
0.114073
0.159872
0.014652
0.246898
0.173885
0.471052
0.080028
0.075044
0.139366
0.232721
0.073949
0.10634
0.5348
0.058481
0.206881
0.536248
0.243905
0.060458
0.085098
0.342584
0.089115
0.140242
0.028262
0.39822
0.130407
0.048543
0.10087
0.298421
0.317714
0.421864
0.119034
0.069241
0.055853
0.088604
0.330141
0.20349
0.074741
0.041994
0.147835
0.168964
0.245001
0.104814
0.09206
0.243864
0.217303
0.113794
0.128855
0.259759
0.142567
0.032631
0.202416
0.26775
0.285764
0.030127
0.205579
0.136288
0.3387
0.198062
0.970148
0.101648
0.135747
0.266839
0.031203
0.446894
0.246864
0.03451
0.075131
0.120792
0.453667
0.136591
0.163269
0.124514
0.144223
0.259794
0.402647
0.198809
0.042776
0.423382
0.255654
0.038826
0.166858
0.116119
0.059965
0.249168
0.57853
0.357061
0.160004
0.100807
0.060403
0.123228
0.133021
0.571194
0.04097
0.32196
0.345865
0.046221
0.117006
0.328226
0.090264
0.218651
0.030115
0.167853
0.07867
0.152669
0.135672
0.032431
0.521851
0.20932
0.054904
0.056564
0.117087
0.037004
0.129248
0.234484
0.291646
0.056236
0.14348
0.096406
0.436818
0.163216
0.052534
0.188531
0.080131
0.788594
0.081381
0.725613
0.107741
0.141088
0.237328
0.475965
0.42441
0.06315
0.495908
0.116455
0.195017
0.103239
0.305384
0.403294
0.245904
0.093714
0.075576
0.141709
0.015491
0.231684
0.149016
0.323509
0.264848
0.23168
0.194835
0.14244
0.113445
0.102731
0.187385
0.252801
0.04763
0.667365
0.203997
0.487488
0.055386
0.224411
0.261345
0.087825
0.093066
0.139605
0.042451
0.345455
0.162851
0.127607
0.169368
0.456132
0.285971
0.052855
0.221586
0.112355
0.344151
0.059988
0.042825
0.168055
0.438978
0.161613
0.241375
0.098863
0.216441
0.59679
0.137279
0.566366
0.061584
0.252
0.211341
0.100049
0.201551
0.389347
0.083168
0.018527
0.072204
0.210765
0.154924
0.398558
0.067024
0.15995
0.429286
0.280137
0.20013
0.16084
0.318969
0.177023
0.207342
0.076695
0.153009
0.080614
0.194912
0.04482
0.092153
0.943654
0.065686
0.097334
0.06445
0.150854
0.132278
0.245611
0.289406
0.137574
0.087973
0.096088
0.037447
0.097527
0.61274
0.36145
0.020241
0.173857
0.127278
0.224178
0.37346
0.094502
0.041028
0.100582
0.242911
0.159583
0.315189
0.378271
0.127721
0.273587
0.095596
0.254195
0.278196
0.582679
0.160296
0.892376
0.03577
0.134158
0.156793
0.099846
0.21082
0.040854
0.035863
0.076986
0.185249
0.309037
0.158306
0.370294
0.213572
0.210892
0.336991
0.309785
0.288986
0.025559
0.543206
0.178363
0.272333
0.04462
0.036373
0.24866
0.168004
0.31354
0.079122
0.021165
0.020548
0.404512
0.141641
0.12113
0.12804
0.044033
0.234796
0.123199
0.109373
0.308947
0.125625
0.09717
0.209214
0.147118
0.175634
0.091883
0.317968
0.184006
0.180337
0.089655
0.112571
0.099878
0.137269
0.549228
0.369153
0.193398
0.040333
0.174877
0.304128
0.245767
0.063932
0.422836
0.145189
0.251452
0.416336
0.294867
0.054603
0.189167
0.428376
0.078046
0.325858
0.050957
0.077338
0.284841
0.314211
0.022941
0.037783
0.157687
0.237128
0.022379
0.171862
0.009887
0.366568
0.129878
0.252712
0.249544
0.280537
0.160737
0.3629
0.453805
0.243717
0.166038
0.182193
0.083969
0.474583
0.157171
0.140928
0.146493
0.475143
0.126049
0.18748
0.032543
0.081674
0.061359
0.007244
0.040633
0.308353
0.156363
0.062303
0.274625
0.396673
0.133379
0.007727
0.309944
0.123996
0.3692
0.287428
0.077356
0.100687
0.078256
0.096905
0.189498
0.249368
0.313744
0.106237
0.075654
0.126582
0.063644
0.136958
0.17358
0.235279
0.128599
0.016136
0.186124
0.177227
0.438841
0.303672
0.388695
0.232915
0.154074
0.03936
0.071991
0.233702
0.423348
0.27098
0.106411
0.106998
0.074844
0.211344
0.137418
0.145921
0.137913
0.078269
0.405251
0.64
0.112388
0.583663
0.294801
0.042897
0.114324
1.275243
0.432831
0.168683
0.132421
0.100811
0.14118
0.156026
0.250758
0.497544
0.108315
0.073221
0.063539
0.254685
0.275135
0.059202
0.272493
0.18
0.105071
0.247153
0.080288
0.01832
0.274229
0.213808
0.105362
0.736148
0.171698
0.088776
0.181754
0.31571
0.248147
0.036861
0.184544
0.080815
0.232962
0.166088
0.038793
0.136149
0.111811
0.132145
0.466793
1.307821
0.154789
0.128277
0.132906
0.182121
0.202313
0.377381
0.006387
0.069117
0.069399
0.676557
0.208644
0.043116
0.153425
0.291448
0.153261
0.058407
0.028782
0.267051
0.049728
0.10295
0.088193
0.254564
0.122572
0.139451
0.144698
0.106961
0.121926
0.176317
1.240239
0.088416
0.379001
0.325104
0.104882
0.076362
0.037362
0.143718
0.311164
0.295198
0.205264
0.144134
0.217443
0.181934
0.085474
0.162214
0.175823
0.402494
0.299129
0.093466
0.027246
0.09452
0.016305
0.055104
0.092936
0.077222
0.327373
0.11721
0.036776
0.049915
0.162422
0.218365
0.454305
0.065037
0.182646
0.203944
0.117271
0.144443
0.407923
0.062844
0.377863
0.034049
0.043859
0.145063
0.215483
0.075449
0.143935
0.270367
0.071776
0.190799
0.070275
0.236921
0.11538
0.168804
0.649781
0.070954
0.073918
0.922571
0.082312
0.048746
0.197929
0.037116
0.158094
0.097382
0.125508
0.343286
0.058738
0.168936
0.25644
0.235877
0.065532
0.366476
0.423082
0.298528
0.108926
0.665944
0.063493
0.021451
0.128493
0.257047
0.276559
0.086962
0.061557
0.22387
0.42702
0.402326
0.225029
0.058708
0.070497
0.187067
0.23672
0.506437
0.405711
0.264282
0.229131
0.127526
0.200859
0.295408
0.671602
0.221957
0.281999
0.44698
0.123538
0.223957
0.217434
0.138574
0.236374
0.165634
0.219156
0.792558
0.769845
0.23631
0.285768
0.231742
0.169095
0.090756
0.166409
0.153599
0.809687
0.099966
0.36387
0.295531
0.142007
0.046445
0.614118
0.117268
0.05096
0.367604
0.508748
0.143385
0.170299
0.131364
0.078092
0.042421
0.120697
0.044112
0.157568
0.124119
0.102436
0.249635
0.136709
0.225887
0.081014
0.133408
0.278433
0.070687
0.206542
0.153008
0.044414
0.107805
0.244689
0.051553
0.066631
0.569119
0.114071
0.374488
0.286713
0.139806
0.059909
0.195359
0.323637
0.068644
0.168165
0.190244
0.50315
0.112395
0.182673
0.098269
0.194529
0.212589
0.03738
0.058948
0.229572
0.076757
0.653279
0.329417
0.063859
0.219236
0.092578
0.183972
0.32698
0.242806
0.170274
0.535409
0.178739
0.445756
0.415011
0.024431
0.060915
0.127933
0.13887
0.129777
0.20828
0.164432
0.220582
0.060512
0.058877
0.198129
0.441484
0.269079
0.459899
0.299823
0.130314
0.077282
0.270141
0.151973
0.022475
0.340924
0.424757
0.099594
0.357951
0.020101
0.221662
0.256826
0.060968
0.198106
0.38496
0.051335
0.066957
0.263015
0.351802
0.39579
0.065139
0.490042
0.722582
0.398473
0.216322
0.285274
0.112895
0.234952
0.182536
0.060196
0.186132
1.326417
0.198066
0.333832
0.16405
0.075528
0.456063
0.493641
0.070644
0.082139
0.106219
0.140518
0.016233
0.282306
0.458055
0.124642
0.376642
0.60629
0.248568
0.155823
0.011798
0.136492
0.048971
0.315059
0.004082
0.382907
0.507241
0.192656
0.158593
0.226561
0.093333
0.072379
0.273997
0.6543
0.414055
0.232739
0.067751
0.107822
0.070739
0.131758
0.422166
0.147753
0.215035
0.314148
0.138344
0.119615
0.293719
0.199539
0.266496
0.223763
1.560376
0.09248
0.362247
0.213868
0.465205
0.470757
0.149383
0.212498
0.111468
0.145298
0.33461
0.101028
0.242495
0.249546
0.142753
0.18053
0.145044
0.187993
0.158192
0.181991
0.270428
0.22197
0.423518
0.153023
0.287006
0.690627
0.174443
0.124821
0.320175
0.304425
0.059666
0.353077
0.575905
0.456022
0.139839
0.280314
0.193852
0.330347
0.486112
0.290253
0.425125
0.197547
0.670257
0.783874
0.105955
0.132029
0.265219
0.173315
0.146363
0.140782
0.248404
0.034579
0.294757
0.256741
0.569251
0.125317
0.501204
0.058861
0.296698
0.08727
0.037655
0.082012
0.096329
0.150078
0.492371
0.038685
0.550507
0.23586
0.047581
0.559823
0.355207
0.206442
0.271983
0.302008
0.053927
0.160479
0.105409
0.247719
0.15764
0.197724
0.458667
0.220784
0.307019
0.133751
0.182495
0.099639
0.050018
0.309055
0.171861
0.109718
0.066801
0.037241
0.288317
0.074702
0.062835
0.120044
0.399401
0.162326
0.014544
0.042651
0.146288
0.13979
0.255496
0.222381
0.162819
0.265044
0.489779
0.08188
0.042308
0.121901
0.114708
0.158039
0.178403
0.349742
0.065068
0.03573
0.156626
0.117502
0.069281
0.046255
0.152448
0.337031
0.290076
0.101703
0.366688
0.102069
0.235859
0.108467
0.419401
0.025063
0.382159
0.190066
0.062275
0.437477
0.32716
0.22702
0.132823
0.23266
0.512103
0.053823
0.214111
0.129754
0.505045
0.436628
0.547527
0.032516
1.072896
0.166203
0.118875
0.0637
0.207619
0.178783
0.504701
0.35467
0.068727
0.391614
0.116511
0.152508
0.150175
0.220774
0.02708
0.01095
0.194524
0.056105
0.319193
0.141158
0.2844
0.334864
0.177486
0.153424
0.194094
0.155061
0.139417
0.275589
0.351829
0.032317
0.167879
0.340619
0.186479
0.263724
0.537092
0.045718
0.407606
0.125127
0.046217
0.089252
0.375584
0.156615
0.251742
0.226155
0.231189
0.146129
0.438546
0.269259
0.065183
0.221931
0.091021
0.00665
0.099327
0.018298
0.038712
0.530455
0.194829
0.259682
0.122428
0.164027
0.175779
0.078284
0.348906
0.287746
0.225092
0.046483
0.23967
0.147491
0.121469
0.031493
0.509256
0.279881
0.296612
0.10947
0.388972
0.078151
0.194777
0.291247
0.174887
0.118705
0.374239
0.29859
0.048911
0.157363
0.154909
0.109524
0.148279
0.069961
0.238717
0.115995
0.596319
0.035312
0.138543
0.066686
0.186239
0.036807
0.437589
0.088368
0.249367
0.481274
0.055447
0.137439
0.05912
0.314058
0.293785
0.287836
0.354452
0.121454
0.250874
0.118858
0.470345
0.206701
0.773661
0.325562
0.165034
0.138611
0.355833
0.032038
0.069113
0.297693
0.486966
0.115992
0.193148
0.022973
0.048092
0.07322
0.146602
0.134811
0.224862
0.552245
0.135652
0.117848
0.092576
0.285585
0.151667
0.2565
0.108466
0.581808
0.121541
1.621146
0.018255
0.189573
0.372329
0.187407
0.214521
0.085352
0.255762
0.204209
0.124651
0.215373
0.256544
0.139668
0.071836
0.032073
0.363094
0.143839
0.243825
0.030577
0.158017
0.346832
0.224627
0.098605
0.240902
0.297976
0.277025
0.209965
0.339154
0.263765
0.253617
0.227847
0.073942
0.236202
0.443479
0.081728
0.074883
0.115055
0.13035
0.118449
0.062317
0.214472
0.027751
0.194354
0.411987
0.13466
0.219848
0.092266
0.336782
0.048788
0.188167
0.417356
0.076099
0.026276
0.010556
0.382452
0.067134
0.060559
0.284887
0.175151
0.170443
0.100888
0.153997
0.161827
0.199857
0.178075
0.206772
0.123545
0.170198
0.298271
0.184241
0.133354
0.230287
0.195063
0.171655
0.290507
0.284721
0.404593
0.350872
0.247201
0.232231
0.338814
0.113362
0.554292
0.120312
0.098001
0.015024
0.344942
0.234401
0.187255
0.285945
0.050349
0.277531
0.395696
0.138344
0.244111
0.098314
0.085126
0.103879
0.078093
0.022863
0.010894
0.153251
0.135479
0.17993
0.234009
0.089838
0.132603
0.115693
0.154457
0.06363
0.027845
0.064967
0.300143
0.050416
0.290126
0.247735
0.236426
0.331737
0.186846
0.189249
0.043497
0.307269
0.101496
0.012493
0.086806
0.155762
0.100814
0.048158
0.127471
0.069468
0.143125
0.207375
0.134818
0.150203
0.328501
0.056567
0.270496
0.165288
0.279008
0.858331
0.540095
0.020194
0.22897
0.172223
0.109414
0.138973
0.049423
0.059295
0.112735
0.092559
0.91411
0.044922
0.376095
0.117108
0.039024
0.094007
0.219484
0.350828
0.102475
0.11841
0.323849
0.028316
0.849205
0.587833
0.067107
0.102478
0.18798
0.109498
0.034465
0.234946
0.034322
0.357378
0.875509
0.091425
0.230517
0.198697
0.156454
0.150598
0.121903
0.158232
0.069204
0.333228
0.215534
0.034214
0.228789
0.059764
0.053688
0.015922
0.048144
0.387774
0.074733
0.130017
0.088863
0.117479
0.230415
0.203869
0.252133
0.044995
0.059904
0.24666
0.205361
0.104199
0.235027
0.128877
0.052312
0.151728
0.085159
0.182088
0.240932
0.090556
0.330923
0.334041
0.13547
0.015152
0.049643
0.12521
0.316066
0.424143
0.47106
0.107359
0.251947
0.179992
0.118235
0.379112
0.282868
0.133972
0.356113
0.133468
0.415541
0.067441
0.612143
0.144242
0.533327
0.255376
0.277675
0.063846
0.122258
0.34175
0.141665
0.442254
0.308117
0.037903
0.100822
0.105037
0.058
0.171113
0.287671
0.108832
0.088857
0.049135
0.210211
0.334989
0.172368
0.121067
0.094964
0.49979
0.39598
0.428384
0.193673
0.087084
0.157032
0.287885
0.037501
0.217832
0.218304
0.061407
0.322897
0.026229
0.523491
0.212102
0.153877
0.296193
0.227909
0.352393
0.164174
0.43563
0.214352
0.089015
0.42844
0.125783
0.102518
0.97417
0.099401
0.067197
0.239787
0.219672
0.710268
0.149351
0.254264
0.02806
0.065298
0.309217
0.061602
0.046131
0.20775
0.164114
0.158297
0.06134
0.058078
0.116355
0.250605
0.229062
0.200266
0.164774
0.206135
0.269418
0.035341
0.182734
0.058141
0.166418
0.16413
0.099218
0.136456
0.109507
0.09634
0.168712
0.313451
0.042549
0.136162
0.089345
0.162395
0.122171
0.076082
0.139655
0.026018
0.222118
0.041497
0.242092
0.229249
0.121117
0.280905
0.250855
0.256379
0.041046
0.123063
0.270477
0.244151
0.128064
0.183334
0.123014
0.173574
0.07115
0.150955
0.201369
0.148745
0.051988
0.124128
0.372195
0.127798
0.387842
0.302919
0.058081
0.437253
0.34635
0.169645
0.063124
0.025144
0.067915
0.065106
0.091514
0.101038
0.141561
0.162049
0.139962
0.14055
0.214783
0.18348
0.117892
0.020815
0.02703
0.079462
0.318297
0.051876
0.248871
0.098636
0.103388
0.037709
0.26141
0.10288
0.451742
0.019287
0.0685
0.082434
0.137833
0.546665
0.118746
0.056599
0.113245
0.274557
0.209877
0.197561
0.336085
0.062566
0.06179
0.261937
0.223819
0.250928
0.073947
0.073699
0.074601
0.139909
0.078872
0.265028
0.241792
0.178204
0.227488
0.156829
0.094471
0.135761
1.004383
0.517227
0.126126
0.587149
0.745348
0.22509
0.068588
0.112618
0.135344
0.031122
0.355021
0.008928
0.159544
0.235038
0.162559
0.107858
0.189718
0.279052
0.150618
0.057966
0.226441
0.553132
0.476106
0.911659
0.068117
0.390397
0.082153
0.395751
0.255301
0.22403
0.207241
0.661994
0.153465
0.137299
0.230014
0.14045
0.143951
0.307813
0.056555
0.225937
0.253213
0.355803
0.124142
0.222717
0.194987
0.63358
0.438303
0.045072
0.298079
0.037457
0.059111
0.274608
0.325295
0.074
0.527171
0.067464
0.188558
0.251776
0.106324
0.383774
0.094566
0.100131
0.344561
0.30236
0.21717
0.094214
0.191885
0.09721
0.120045
0.143072
0.104592
0.050375
0.072057
0.104455
0.253245
0.054772
0.107482
0.202038
0.287638
0.198556
0.185494
0.393248
0.13444
0.078785
0.053259
0.336178
0.154197
0.191994
0.059441
0.194867
0.080074
0.141906
0.361765
0.104294
0.101988
0.374461
0.024096
0.133633
0.209424
0.428869
0.281837
0.149848
0.223133
0.053175
0.539626
0.048616
0.183249
0.256934
0.133288
0.248878
0.080584
0.243184
0.145727
0.1764
0.157899
0.089097
0.350008
0.070009
0.069912
0.297116
0.179003
0.649012
0.013682
0.192988
0.113664
0.216559
0.207694
0.236311
0.137969
0.227824
0.109001
0.284024
0.230382
0.135372
0.041017
0.09177
0.367957
0.049171
0.119382
0.235434
0.214416
0.195255
0.082684
0.236115
0.175308
0.132281
0.131669
0.2123
0.193802
0.233017
0.328145
0.156277
0.064541
0.369283
0.295741
0.18804
0.136087
0.329423
0.128047
0.084544
0.047283
0.035649
0.16337
0.23882
0.145226
0.23357
0.201465
0.114922
0.142526
0.298544
0.135216
0.138857
0.036576
0.168483
0.11464
0.208149
0.12658
0.42321
0.033486
0.305829
0.085803
0.012042
0.076701
0.329262
0.53023
0.564629
0.227678
0.204052
0.034012
0.224078
0.06616
0.063012
0.072215
0.422635
0.017196
0.422048
0.083649
0.398309
0.226351
0.069684
0.126097
0.167759
0.050492
0.111784
0.179882
0.38988
0.03009
0.157707
0.191101
0.188815
0.061701
0.236608
0.266623
0.123372
0.062475
0.041445
0.092032
0.170894
0.153519
0.417716
0.189277
0.043222
0.55901
0.12852
0.158711
0.038922
0.183021
0.357743
0.225068
0.163107
0.193135
0.353967
0.223278
0.027967
0.413194
0.128373
0.140457
0.36455
0.162363
0.028088
0.107525
0.320878
0.068202
0.295541
0.105629
0.179376
0.523742
0.185585
0.220552
0.932745
0.023823
0.151594
0.206105
0.075747
0.287409
0.437402
0.097137
0.089818
0.260844
0.019622
0.538231
0.307222
0.412781
0.059475
0.02233
0.113286
0.02749
0.077476
0.580713
0.112475
0.123588
0.093049
0.053246
0.383664
0.112889
0.051596
0.038225
0.076409
0.209427
0.20494
0.145478
0.129778
0.019472
0.33855
0.06825
0.065657
0.058825
0.585723
0.164104
0.125554
0.128897
0.216811
0.096513
0.116391
0.101309
0.08449
0.318985
0.138619
0.130677
0.329992
0.087736
0.085454
0.09497
0.144798
0.135173
0.37365
0.093718
0.189191
0.289938
0.294178
0.254208
0.09543
0.198036
0.341289
0.251828
0.118575
0.055484
0.255521
0.519581
0.048904
0.181341
0.063718
0.07487
0.04573
0.106416
0.15167
0.148665
0.411155
0.480065
0.246173
0.053668
0.414862
0.153539
0.084841
0.114305
0.541043
0.099638
0.04852
0.406358
0.252284
0.187087
0.193138
0.211881
0.148171
0.204169
0.947286
0.042509
0.199816
0.138008
0.134542
0.254649
0.218458
0.24278
0.058969
0.117052
0.256381
0.101451
0.143719
0.151484
0.109651
0.226157
0.051327
0.283767
0.102281
0.147251
0.149221
0.275178
0.209374
0.089778
0.365864
0.044828
0.1179
0.04833
0.263761
0.248436
0.206334
0.186868
0.57569
0.282159
0.205445
0.832065
0.128902
0.164533
0.13767
0.128421
0.189987
0.07949
0.044187
0.11365
0.214746
0.348899
0.163388
0.119866
0.614951
0.035432
0.193384
0.138058
0.176863
0.330108
0.234914
0.080508
0.105007
0.139877
0.110726
0.723831
0.221379
0.150381
0.165362
0.130532
0.413888
0.24776
0.188976
0.0598
0.255104
0.027336
0.086063
0.085368
0.021214
0.40734
0.191506
0.151412
0.213743
0.08968
0.155512
0.157374
0.286705
0.593021
0.055817
0.101477
0.428254
0.14864
0.121576
0.305246
0.122329
0.499561
0.106629
0.118095
0.108505
0.135866
0.022098
0.094716
0.122959
0.582916
0.148316
0.325699
0.210589
0.399665
0.283294
0.116902
0.161568
0.30137
0.128441
0.080514
0.126601
0.0998
0.103578
0.412851
0.389903
0.276874
0.012306
0.107737
0.361257
0.349215
0.025034
0.485161
0.118316
0.285143
0.168235
0.046227
0.550029
0.069676
0.411898
0.471194
0.081876
0.392704
0.03127
0.261395
0.296092
0.231908
0.049972
0.023814
0.377362
0.099898
0.366318
0.25457
0.093528
0.138793
0.12041
0.104836
0.602036
0.247958
0.070514
0.821552
0.244474
0.030641
0.183084
0.05823
0.262727
0.380793
0.173366
0.164469
0.254605
0.125238
0.292827
0.295486
0.138371
0.094908
0.159295
0.165316
0.258474
0.353156
0.30984
0.116761
0.092191
0.016562
0.186761
0.091281
0.2949
0.200327
0.256296
0.00722
0.166634
0.380183
0.057784
0.072196
0.085744
0.308838
0.080619
0.340334
0.1255
0.14499
0.346249
0.094677
0.058538
0.237112
0.280558
0.353282
0.054153
0.243921
0.134472
0.060775
0.145857
0.191937
0.098433
0.10965
0.042834
0.21049
0.413489
0.226338
0.172474
0.788945
0.078072
0.130095
0.083678
0.165914
0.227408
0.777625
0.331946
0.174268
0.062577
0.490702
0.079829
0.345909
0.257776
0.146094
0.341744
0.465479
0.739209
0.176817
0.796223
0.157973
0.141279
0.082173
0.131925
0.295133
0.096003
0.052084
0.227942
0.110664
0.070769
0.40764
0.219672
0.053113
0.110557
0.260493
0.187871
0.093238
0.058007
0.239135
0.120423
0.173596
0.231443
0.142606
0.172943
0.16085
0.06355
0.200027
0.250462
0.317061
0.124424
0.389991
0.126161
0.12123
0.220993
0.116808
0.51575
0.172744
0.273395
0.189107
0.882543
0.256223
0.012777
0.208949
0.391635
1.32952
0.450684
0.234441
0.10012
0.336512
0.23789
0.084684
0.102133
0.149706
0.018557
0.082498
0.502373
0.296272
0.080381
0.151318
0.238099
0.084666
0.204372
0.047164
0.742231
0.252936
0.421927
0.089002
0.090825
0.106355
0.111275
0.585833
0.203707
0.127752
0.274877
0.148159
0.200191
0.210619
0.200536
0.099653
0.280951
0.234108
0.257499
0.247858
0.244634
0.139743
0.051942
0.21401
0.343976
0.070005
0.351212
0.033083
0.053965
0.251169
0.515737
0.068169
0.092913
0.274301
0.184365
0.100042
0.400525
0.252912
0.224702
0.128312
0.143855
0.194282
0.156074
0.120821
0.443884
0.307896
0.438055
0.124284
0.07372
0.124264
0.079585
0.057443
0.30855
0.236389
0.231369
0.074773
0.203084
0.267147
0.087098
0.099684
0.191604
0.019101
0.296855
0.250378
0.279171
0.061207
0.26046
0.297572
0.04293
0.078422
0.249252
0.146267
0.111501
0.397048
0.06832
0.065746
0.076065
0.21949
0.54243
0.092964
0.125133
0.117333
0.048406
0.162892
0.185332
0.040639
0.256042
0.053083
0.056018
0.100471
0.462551
0.398478
0.062216
0.059687
0.107203
0.038601
0.204681
0.167745
0.268663
0.118708
0.080435
0.296609
0.101127
0.089163
0.060695
0.193506
0.182795
0.255697
0.227637
0.368587
0.310665
0.202776
0.268389
0.077991
0.160198
0.378107
0.14209
0.078849
0.081038
0.426149
0.147238
0.126974
0.775718
0.044053
0.130078
0.270723
0.055726
0.082245
0.041961
0.052132
0.171032
0.200359
0.187086
0.284482
0.059919
0.237977
0.102524
0.115183
0.084488
0.414663
0.266583
0.202253
0.103242
0.139965
0.138094
0.101225
0.453193
0.139071
0.43323
0.083055
0.193013
0.421977
0.260531
0.203979
0.108335
0.060926
0.22417
0.107428
0.409111
0.175514
0.052214
0.344372
0.120507
0.161928
0.063876
0.191872
0.162844
0.186425
0.328573
0.264162
0.115123
0.442096
0.064463
0.338397
0.079318
0.194617
0.094989
0.026199
0.192616
0.11667
0.026285
0.082103
0.076427
0.375164
0.184888
0.037388
0.048327
0.278511
0.122599
0.686722
0.100656
0.250195
0.097803
0.226042
0.10874
0.121034
0.345906
0.127548
0.136441
0.243274
0.070565
0.188912
0.128007
0.018293
0.145239
0.082208
0.160026
0.14685
0.261103
0.025367
0.124487
0.223232
0.04128
0.177034
0.107435
0.152436
0.209494
0.320232
0.252307
0.074319
0.259545
0.108306
0.400969
0.117947
0.179724
0.259565
0.155659
0.074483
0.064399
0.331031
0.077457
0.14289
0.243345
0.236956
0.155577
0.190322
0.195998
0.084304
0.173656
0.354155
0.364398
0.102138
0.231791
0.058218
0.030331
0.304508
0.357777
0.269395
0.476819
0.063208
0.229086
0.271177
0.327903
0.238136
0.076001
0.172576
0.275554
0.075924
0.176742
0.022629
0.255957
0.677675
0.164057
0.07342
0.064187
0.104891
0.0663
0.434943
0.141502
0.054386
0.110823
0.143077
0.349177
0.014191
0.052356
0.064618
0.337764
0.156578
0.211479
0.487699
0.239501
0.287843
0.087469
0.080406
0.097242
0.183006
0.322176
0.248884
0.239207
0.066679
0.081295
0.310918
0.453185
0.48276
0.082361
0.477899
0.172118
0.185494
0.029113
0.266518
0.048215
0.041291
0.195952
0.075108
0.259564
0.642878
0.139179
0.069039
0.083713
0.201751
0.083132
0.177098
0.140521
0.250466
0.250188
0.02423
0.424512
0.317072
0.121072
0.066888
0.12299
0.178419
0.075545
0.170067
0.336611
0.057057
0.144898
0.423328
0.130191
0.252818
0.139397
0.393956
0.017394
0.361005
0.288037
0.369581
0.218837
0.023383
0.296755
0.279616
0.150147
0.053046
0.13142
0.366146
0.177832
0.261617
0.116039
0.127812
0.066163
0.403686
0.531942
0.110033
0.065478
0.459491
0.232871
0.096049
0.319266
0.130336
0.299971
0.226623
0.090569
0.097583
0.036217
0.142022
0.081906
0.078683
0.127452
0.310593
0.146846
0.25325
0.024143
0.278428
0.052069
0.062162
0.177995
0.072864
0.238729
0.1581
0.273917
0.321978
0.146474
0.067662
0.03875
0.228956
0.264878
0.341705
0.07711
0.165567
0.177638
0.045653
0.171863
0.060555
0.066246
0.260867
0.268841
0.09327
0.147426
0.066372
0.106616
0.130281
0.094661
0.039789
0.168579
0.125112
0.086054
0.158453
0.685469
0.060303
0.215372
0.127712
0.173913
0.244066
0.164333
0.371439
0.250328
0.089682
0.372515
0.08403
0.052903
0.042152
0.079377
0.172434
0.378421
0.077437
0.089928
0.230278
0.057092
0.405995
0.048409
0.261433
0.055813
0.436683
0.101497
0.385467
0.024633
0.024339
0.222218
0.102108
0.090228
0.543464
0.106919
0.065523
0.187849
0.212845
0.170574
0.251944
0.604025
0.633983
0.073275
0.277755
0.022229
0.020762
0.088257
0.304722
0.175051
0.110213
0.182041
0.526873
0.139314
0.016342
0.084698
0.043858
0.069638
0.009724
0.07308
0.291546
0.100326
0.190494
0.202558
0.167195
0.090596
0.172368
0.159242
0.204647
0.050859
0.623997
0.290761
0.078128
0.052463
0.257509
0.314481
0.063237
0.253131
0.112382
0.104622
0.120338
0.847715
0.210148
0.269593
0.123569
0.176429
0.187088
0.09381
0.124689
0.067426
0.68146
0.060271
0.107209
0.218092
0.242773
0.197471
0.288837
0.086447
0.451508
0.201178
0.247008
0.138232
0.316525
0.112632
0.206122
0.156285
0.098117
0.188707
0.070452
0.12321
0.166942
0.207395
0.0833
0.05863
0.081179
0.251355
0.305883
0.078348
0.090613
0.027874
0.205218
0.320022
0.30182
0.150025
0.01782
0.037065
0.072371
0.081396
0.16956
0.738917
0.027772
0.120778
0.76218
0.175434
0.466827
0.499879
0.454918
0.124169
0.155303
0.07449
0.105923
0.247747
0.145225
0.168053
0.304713
0.273668
0.119618
0.183172
0.039976
0.067483
0.109175
0.106626
0.083501
0.049455
0.478842
0.77537
0.20562
0.074154
0.107209
0.15144
0.260565
0.183028
0.426503
0.310005
0.112337
0.114316
0.653702
0.406674
0.07326
0.274539
0.232458
0.151972
0.418911
0.022345
0.299805
0.123045
0.420554
0.290934
0.377081
0.132803
0.301903
0.190042
0.21661
0.228556
0.500029
0.131231
0.317755
0.075393
0.138909
0.241561
0.217986
0.167298
0.163872
0.130671
0.034516
0.189724
0.034345
0.694355
0.16324
0.298053
0.103856
0.507286
0.136603
0.136087
0.353651
0.066015
0.245577
0.177638
0.49487
0.110568
0.191894
0.310377
0.343385
0.196314
0.184677
0.166171
0.341273
0.101641
0.057521
0.102592
0.211582
0.164083
0.111933
0.076716
0.334422
0.406816
0.132185
0.149143
0.050957
0.026701
0.379469
0.289067
0.153563
0.568633
0.153505
0.166159
0.088164
0.135248
0.024077
0.267127
0.181984
0.151975
0.203793
0.164052
0.071441
0.1085
0.22189
0.222752
0.089885
0.048379
0.229756
0.317776
0.118328
0.326752
0.155608
0.14955
0.763159
0.067476
0.112888
0.187082
0.323411
0.769534
0.138853
0.426794
0.059063
0.205658
0.781964
0.378972
0.136889
0.222222
0.159636
0.102447
0.113006
0.16781
0.198925
0.093583
0.043498
0.387589
0.035521
0.555708
0.073698
0.347282
0.088515
0.129543
0.325506
0.363423
0.05108
0.052604
0.749853
0.155538
0.239415
0.110029
0.135349
0.067738
0.042343
0.092474
0.152871
0.576585
0.119085
0.111216
0.046932
0.86516
0.083701
0.022198
0.30874
0.294129
0.585049
0.116939
0.666989
0.209342
0.999004
0.096222
0.741878
0.173283
0.444072
0.281174
0.147236
0.134012
0.135416
0.038996
0.327263
0.203078
0.080438
0.608278
0.246346
0.106344
0.033051
0.035544
0.232941
0.061764
0.067929
0.270124
0.135728
0.147673
0.121715
0.209698
0.026855
0.031053
0.031897
0.670256
0.120273
0.546547
0.365297
0.079281
0.290779
0.820714
0.026729
0.097689
0.181629
0.044239
0.176851
0.075732
0.199736
0.01989
0.035329
0.350276
0.187796
0.110158
0.060001
0.208673
0.263288
0.358479
0.284276
0.069836
0.329566
0.097259
0.080331
0.215156
0.542665
0.067238
0.40772
0.337119
0.197421
0.264301
0.06293
0.444758
0.41298
0.061823
0.076467
0.191451
0.143917
0.013215
0.080371
0.288893
0.337495
0.045867
0.275798
0.575097
0.71687
0.313421
0.014662
0.297045
0.368407
0.087598
0.12569
0.059054
0.332353
0.410373
0.055029
0.101422
0.156799
0.265477
0.455215
0.192729
0.030222
0.099031
0.223688
0.371881
0.253284
0.058225
0.068598
0.213466
0.036942
0.102404
0.03684
0.052116
0.09477
0.310912
0.149041
0.204238
0.135543
0.126652
0.429281
0.091676
0.035079
0.203677
0.170318
0.212585
0.096773
0.174855
0.108917
0.177125
0.388233
0.263624
0.234566
0.251419
0.171712
0.02232
0.092625
0.312821
0.194727
0.04814
0.304879
0.054975
0.253509
0.038061
0.120963
0.095322
0.122231
0.246339
0.098093
0.16242
0.161354
0.089917
0.097583
0.11401
0.211454
0.146935
0.211121
0.160942
0.201362
0.360546
0.086355
0.186166
0.125639
0.133946
0.175329
0.079359
0.090455
0.317392
0.044267
0.361583
0.182854
0.061283
0.13659
0.153127
0.174418
0.140088
0.148477
0.401462
0.344005
0.042796
0.399654
0.016302
0.384884
0.183858
0.012307
0.1492
0.077344
0.167513
0.074936
0.263963
0.148748
0.17709
0.323614
0.16746
0.25997
0.167667
0.167919
0.081174
0.158343
0.189392
0.070283
0.096276
0.061976
0.015168
0.549136
0.113165
0.232748
0.165093
0.172001
0.27624
0.250182
0.262728
0.704277
0.154143
0.180767
0.189608
0.13264
0.288109
0.200123
0.327159
0.341867
0.359144
0.224056
0.094235
0.117651
0.259098
1.127032
0.14429
0.078117
0.310339
0.327298
0.032119
0.352014
0.408517
0.188739
0.052459
0.105047
0.242243
0.540939
0.138604
0.330644
0.27958
0.127937
0.328058
0.013385
0.241892
0.058905
0.103905
0.071709
0.085432
0.045576
0.041089
0.162687
0.248035
0.13982
0.317223
0.515131
0.182741
0.115766
0.029684
0.092985
0.040756
0.226954
0.214787
0.141858
0.13452
0.229156
0.106026
0.277325
0.043459
0.091341
0.598929
0.02136
0.076569
0.669931
0.09648
0.110831
0.034371
0.275957
0.332977
0.18165
0.048746
0.34509
0.159881
0.406263
0.066734
0.209284
0.284557
0.301344
0.259894
0.241588
0.045972
0.216136
0.249677
0.077715
0.267506
0.186354
0.054533
0.147318
0.165288
0.123097
0.10748
0.134137
0.36754
0.130858
0.21464
0.132903
0.136857
0.435459
0.122183
0.171697
0.175896
0.127435
0.201529
0.26975
0.069781
0.2972
0.137074
0.026228
0.278684
0.073086
0.406102
0.09298
0.194963
0.182257
0.094397
0.155633
0.132277
0.177472
0.049929
0.248467
0.060573
0.198474
0.068282
0.260637
0.053541
0.023535
0.116515
0.087362
0.209358
0.109476
0.309698
0.040978
0.249421
0.163308
0.263257
0.293034
0.1047
0.091489
0.209601
0.670168
0.092137
0.178352
0.114521
0.178775
0.167118
0.10654
0.125859
0.067128
0.201147
0.265916
0.056861
0.178243
0.112607
0.199509
0.159506
0.220302
0.033883
0.22413
0.19152
0.065565
0.052903
0.176925
0.021102
0.480871
0.090326
0.192617
0.402673
0.230703
0.339139
0.226742
0.052979
0.200268
0.02607
0.414031
0.115083
0.459189
0.237476
0.276152
0.259651
0.103035
0.236772
0.215609
0.094294
0.230123
0.136491
0.149908
0.069208
0.169397
0.451145
0.040987
0.266183
0.038766
0.078082
0.105292
0.126014
0.282144
1.114305
0.032414
0.179256
0.14859
0.440544
0.177991
0.171031
0.044308
0.109188
0.153765
0.460212
0.19535
0.359086
0.441261
0.225911
0.160407
0.069067
0.367993
0.134628
0.128577
0.103061
0.016349
0.442979
0.182178
0.215407
0.347289
0.166534
0.023348
0.243032
0.020739
0.246588
0.180965
0.151443
0.503582
0.27985
0.115441
0.09494
0.014073
0.190347
0.336715
0.506494
0.060459
0.048714
0.317106
0.129759
0.058767
0.146164
0.12771
0.06036
0.235386
0.324869
0.069424
0.279829
0.085716
0.079951
0.27756
0.198935
0.310216
0.20246
0.568189
0.065024
0.107986
0.251541
0.242552
0.087105
0.586464
0.15508
0.098363
0.093711
0.085453
0.413572
0.126245
0.29067
0.152279
0.382036
0.143607
0.086607
0.070947
0.210402
0.099446
0.120381
0.144031
0.425186
0.08621
0.081561
0.370883
0.115251
0.118699
0.02365
0.8036
0.600311
0.053186
0.302665
0.108907
1.021391
0.060254
0.187187
0.211612
0.115235
0.23253
0.314338
0.274347
0.271106
0.45379
0.110163
0.03413
0.909301
0.039371
0.072314
0.054373
0.031251
0.131057
0.148665
0.102277
0.298972
0.066751
0.181506
0.094308
0.532648
0.607919
0.190197
0.155605
0.066421
0.282125
0.065633
0.137636
0.541787
0.200421
0.175619
0.250966
0.204752
0.277885
0.130241
0.112341
0.255117
0.467853
0.035702
0.271354
0.153984
0.763025
0.368812
0.132766
0.306024
0.353716
0.153187
0.14114
0.078859
0.081361
0.290973
0.419105
0.053314
0.19482
0.088984
0.034194
0.061549
0.010273
0.140439
0.559489
0.119672
0.069083
0.182725
0.3878
0.130199
0.235212
0.281042
0.241028
0.72142
0.180808
0.217478
0.26627
0.070825
0.275255
0.0553
0.25151
0.3273
0.382
0.291327
0.540151
0.275854
0.082076
0.273024
0.046868
0.247383
0.159394
0.133577
0.176779
0.180908
