0.175494
0.078609
0.19366
0.239572
0.157806
0.213784
0.072651
0.638062
0.131406
0.234702
0.134626
0.085699
0.317543
0.110438
0.206266
0.140724
0.005142
0.291312
0.088995
0.135198
0.133489
0.298894
0.316247
0.101195
0.275076
0.382961
0.102301
0.562414
0.102654
0.334847
0.114687
0.500402
0.07355
0.028521
0.231298
0.17861
0.289227
0.065338
0.182864
0.217129
0.033963
0.151052
0.25775
0.23461
0.250217
0.203531
0.308911
0.150337
0.099309
0.430439
0.214951
0.361341
0.258019
0.204554
0.221594
0.274184
0.258035
0.226502
0.122523
0.146608
0.043647
0.286332
0.018744
0.052676
0.24328
0.005573
0.138977
0.317699
0.356928
0.148906
0.133447
0.16114
0.092247
0.331293
0.207278
0.065458
0.128436
0.467268
0.063684
0.309247
0.109173
0.179059
0.13927
0.069811
0.219846
0.042519
0.337057
1.058579
0.224796
0.050566
0.594337
0.050114
0.274887
0.088416
0.552728
0.06705
0.059439
0.16176
0.058107
0.09581
0.208346
0.14115
0.686606
0.500959
0.323375
0.205447
0.371607
0.07992
0.969177
0.2909
0.143367
0.064279
0.036669
0.06495
0.251268
0.021393
0.161361
0.248778
0.102276
0.15522
0.122815
0.894483
0.195169
0.1183
0.285968
0.327884
0.209483
0.043485
0.163658
0.876186
0.016636
0.503546
0.328712
0.613567
0.025065
0.076144
0.153986
0.239753
0.212227
0.250663
0.12862
0.022582
0.230867
0.574035
0.114058
0.411345
0.422919
0.381665
0.476436
0.139201
0.290546
0.123849
0.60786
0.466261
0.887671
0.218241
0.299599
0.041583
0.494589
0.315454
0.104348
0.038789
0.304161
0.352956
0.240734
0.086014
0.472707
0.009693
0.204698
0.053642
0.108251
0.510368
0.220591
0.06764
0.151053
0.119032
0.236621
0.196689
0.651936
0.178244
0.231694
0.316842
0.100339
0.090581
0.093561
0.17114
0.169595
0.148086
0.14898
0.111415
0.186542
0.176903
0.036671
0.150033
0.118763
0.046637
0.213236
0.165154
0.175897
0.413035
0.238063
0.382528
0.237893
0.145252
0.171308
0.074136
0.407434
0.403774
0.131185
0.40982
0.111371
0.216796
0.270071
0.159305
0.346043
0.245906
0.338822
0.181967
0.282552
0.386647
0.084771
0.01535
0.636353
0.364155
0.263887
0.104222
0.218675
0.181543
0.292634
0.251092
1.162945
0.096925
0.081571
0.168956
0.628878
0.397243
0.030151
0.183335
0.055378
0.147649
0.281357
0.406455
0.159275
0.420481
0.119391
0.269679
0.645837
0.280392
0.118466
0.120477
0.12757
0.267157
0.053088
0.177996
0.07686
0.14512
0.554759
0.132656
0.18238
0.22673
0.062402
0.152261
0.269074
0.413577
0.365875
0.846481
0.112028
0.247668
0.181263
0.641907
0.128905
0.350178
0.155151
0.364577
0.681921
0.018238
0.71224
0.128826
0.182191
0.159783
0.349924
0.311032
0.167537
0.321086
0.066721
0.095602
0.107442
0.337988
0.151993
0.067279
0.16215
1.154571
0.030971
0.054418
0.120459
0.568752
0.049014
0.617534
0.380725
0.713275
0.127822
0.062731
0.18747
0.146279
0.316366
0.046912
0.13588
0.011874
0.331832
0.281695
0.058051
0.298631
0.26362
0.082874
0.493425
0.254087
0.322357
0.175837
0.392739
0.160584
0.366944
0.452255
0.217883
0.517513
0.076188
0.099557
0.082732
0.113016
0.349381
0.376689
0.11401
0.225031
0.005347
0.313599
0.08607
0.228131
0.459567
0.025644
0.249055
0.221251
0.528787
0.228251
0.114569
0.449634
0.247715
0.165604
0.046102
0.326598
0.088242
0.16386
0.331077
0.069251
0.697474
0.212774
0.359999
0.301487
0.240283
0.167956
0.25429
0.299324
0.850327
0.407077
0.317114
0.113297
0.118651
0.072423
0.082948
0.370505
0.184331
0.144745
0.310486
0.094219
0.183043
0.14705
0.342074
0.193854
0.135301
0.409209
0.120306
0.069907
0.154426
0.024402
0.177235
0.460858
0.635307
0.044215
0.258352
0.165148
0.243345
0.295375
0.106421
0.013153
0.02393
0.083794
0.362883
0.388815
0.373514
0.218059
0.250808
0.585011
0.141784
0.172204
0.043722
0.133512
0.232205
1.238259
0.092645
0.20258
0.220899
0.079439
0.129992
0.279942
0.588935
1.00476
0.142215
0.392208
0.916608
0.258171
0.15961
0.061226
0.508516
0.055826
0.210504
0.249524
0.265783
0.161792
0.139916
0.222212
0.175035
0.362398
0.301003
0.547149
0.262143
0.107108
0.434312
0.246529
0.233209
0.406392
0.156451
0.553859
0.175729
0.419472
0.072428
0.235304
0.176335
0.018117
0.375247
0.208667
0.199167
0.234952
0.163846
0.401537
0.427152
0.292311
0.124063
0.227849
0.068643
0.802133
0.417973
0.140764
0.03297
0.081652
0.110174
0.103539
0.079267
0.097143
0.526402
0.108401
0.514018
0.121695
0.295836
0.248781
0.254814
0.223204
0.165857
0.288086
0.555149
0.086505
0.040519
0.076035
0.450878
0.283633
0.186805
0.321256
0.247135
0.063712
0.068061
0.139026
0.092813
0.02924
0.161149
0.023912
0.237623
0.341435
0.13416
0.11919
0.249461
0.089564
0.355311
0.04938
0.069403
0.020733
0.051602
0.068245
0.098985
0.094675
0.056666
0.216204
0.251646
0.41937
0.154303
0.5447
0.137847
0.192843
0.360966
0.003306
0.22725
0.087393
0.327768
0.335446
0.664629
0.132612
0.286348
0.01866
0.067917
0.075575
0.165918
0.133297
0.03078
0.054324
0.159837
0.073568
0.093255
0.063323
0.36669
0.296268
0.280401
0.058401
0.138004
0.123955
0.385029
0.141872
0.130145
0.118737
0.104722
0.332096
0.189323
0.281487
0.15897
0.828907
0.88824
0.067873
0.698696
0.26815
0.13993
0.408917
0.094168
0.131768
0.613698
0.485814
0.145442
0.059137
0.398937
0.120151
0.344778
0.48865
0.225982
0.077691
0.070466
0.585161
0.479812
0.229847
0.016687
0.106296
0.130025
0.226741
0.018748
0.404776
0.230025
0.35067
0.320623
0.195692
0.605792
0.17904
0.223056
0.081695
0.011954
0.590389
0.60125
0.027034
0.422701
0.144702
0.134258
0.124327
0.122086
0.204439
0.137086
0.115936
0.062492
1.074007
0.192456
0.514357
0.175687
0.313123
0.267608
0.32896
0.19806
0.18299
0.158233
0.45896
0.058039
0.718114
0.129407
0.093916
0.473312
0.22023
0.27614
0.226947
0.488498
0.069302
0.232523
0.093771
0.19265
0.14065
0.086277
0.030453
0.731345
0.134156
0.53142
0.131969
0.125122
0.648953
0.246621
0.021151
0.022766
0.220805
0.714122
0.075459
0.277118
0.60908
0.273793
0.039588
0.205684
0.062169
0.188756
0.037154
0.148665
0.442273
0.524408
0.04296
0.435642
0.316875
0.108024
0.426346
0.20742
0.20112
0.191923
0.24914
0.20715
0.177865
0.362874
0.145044
0.244572
0.088933
0.329518
0.053027
0.148452
0.177473
0.049574
0.05855
0.109505
0.812466
0.217463
0.321418
0.878255
0.127396
0.161015
0.086025
0.218805
0.193476
0.691429
0.249688
0.544989
0.165345
0.520323
0.107848
0.057345
0.112371
0.071891
0.101746
0.032691
0.249595
0.127553
0.156745
0.618042
0.625158
0.283891
0.046694
0.047468
0.524145
0.315323
0.092528
0.036294
0.0533
0.077237
0.67486
0.676477
0.143077
0.328256
0.186522
0.052198
0.027398
0.156225
0.057816
0.042636
0.656563
0.26146
0.269804
0.070821
0.636561
0.476035
0.11849
0.04253
0.291993
0.301896
0.177641
0.166907
0.064436
0.163438
0.162143
0.043848
0.272862
0.783945
0.115169
0.490639
0.017426
0.229916
0.163069
0.084841
0.335476
0.090958
0.063854
0.019834
0.139412
0.375435
0.39973
0.127774
0.343635
0.172297
0.104679
0.286394
0.342255
0.247544
0.447623
0.11747
0.441987
0.654599
0.681472
0.02766
0.074034
0.057758
0.110095
0.124283
0.225578
0.079033
0.491991
0.347264
0.36629
0.266783
0.038934
0.41422
0.327983
0.190572
0.046537
0.195612
0.110293
0.470635
0.045354
0.158665
0.402806
0.038047
0.037799
0.128851
0.662153
0.568282
0.21807
0.364759
0.384088
0.098001
0.4532
0.092671
0.81454
0.013362
0.111796
0.06604
0.147589
0.211096
0.272168
0.013508
0.022485
0.556308
0.06638
0.260747
0.039678
0.102291
0.543671
0.061343
0.376549
0.104374
0.119132
0.203263
0.644392
0.080495
0.206657
0.097802
0.028257
0.133293
0.362319
0.348054
0.11765
0.223202
0.093354
0.555403
0.113895
0.213671
0.62849
0.191928
0.187609
0.318143
0.121769
0.353403
0.04088
0.459226
0.017146
0.211436
0.1473
0.031993
0.599038
0.259231
0.068449
0.113604
0.19401
0.23472
0.102264
0.162072
0.029378
0.342803
0.005338
0.227975
0.055884
0.372899
0.127911
0.032641
0.231008
0.082418
0.150663
0.51437
0.508233
0.240296
0.210907
0.07594
0.435282
0.19216
0.317333
0.212491
0.533406
0.118706
0.483128
0.1216
0.161205
0.130102
0.157123
0.208743
0.709096
0.215721
0.311505
0.4561
0.225109
0.403516
0.194459
0.143744
0.596543
0.269071
0.089781
0.3113
0.232181
0.271309
0.787372
0.283401
0.166982
0.047319
0.437651
0.038985
0.264348
0.16069
0.431129
0.147639
0.472542
0.309072
0.943084
0.02139
0.49746
0.312986
0.251208
0.057635
0.377829
0.639873
0.16615
0.103033
0.530804
0.343437
0.515416
0.840146
0.22635
0.625978
0.099498
0.034682
0.286073
0.079814
0.125696
0.275708
0.176904
0.077405
0.153788
0.23011
0.073541
0.261114
0.156395
0.190086
0.246931
0.089168
0.094223
0.057594
0.017518
0.133632
0.148005
0.07314
0.149914
0.553681
0.403763
0.123764
0.31736
0.188859
0.153569
0.243756
0.381951
0.08123
0.257793
0.333729
0.031857
0.26394
0.313297
0.293489
0.059034
0.216377
0.52872
0.181401
0.239402
0.195377
0.780229
0.349582
0.099291
0.020546
0.142206
1.073657
0.457215
0.009013
0.143661
0.112054
0.239039
0.096099
0.210693
0.190427
0.315483
0.126132
0.208404
0.331274
0.071815
0.23803
0.307869
0.61192
0.17266
0.302085
0.104008
0.159567
0.373409
0.448438
0.145613
0.30886
0.229648
0.349203
0.461279
0.2278
0.21109
0.431471
1.326561
1.227065
0.205349
0.101472
0.156198
0.1961
0.215087
0.585863
0.191713
0.191217
0.109884
0.117296
0.495135
0.269674
0.173287
0.783534
0.273155
0.312467
0.117462
0.168492
0.277038
0.088747
0.146788
0.222718
0.090521
0.104257
0.184345
0.135661
0.112916
0.389771
0.059044
0.288586
0.077734
0.172875
0.064817
0.58756
0.09765
0.059365
0.08379
0.163839
0.038615
0.167313
0.04368
0.257609
0.065462
0.406094
0.132844
0.246144
0.280532
0.324917
0.134277
0.098452
0.290405
1.446765
0.056833
0.341289
0.267301
0.097703
0.197594
0.154312
0.263507
0.217663
0.081447
0.642113
0.109752
0.129896
0.107065
0.036191
0.15368
0.102239
0.110823
0.198348
0.111628
0.021274
0.085177
0.139248
0.663768
0.102319
0.154338
0.061908
0.053443
0.108698
0.071364
0.134569
0.975962
0.265449
0.143595
0.10764
0.128006
0.02231
0.005085
0.26562
0.59408
0.572144
0.207321
0.14496
0.268646
0.316039
0.225188
0.159832
0.241981
0.711353
0.102899
0.196513
0.02774
0.221511
0.031519
0.209587
0.64689
0.528477
0.074272
0.21435
0.219721
0.090366
0.026306
0.065596
0.564937
0.119422
0.117632
1.115649
0.239324
0.365821
0.106358
0.365435
0.127154
0.201874
0.088207
0.277618
0.10241
0.210118
0.072963
0.097317
0.12615
0.209654
0.278125
0.191273
0.419242
0.050309
0.036627
0.380487
0.47421
0.200417
0.741161
0.393147
0.243394
0.34311
0.258325
0.12393
0.122731
0.376274
0.39554
0.161327
0.296625
0.430463
0.64266
0.359707
0.279317
0.097493
0.182864
0.077015
0.477397
0.455374
0.210737
0.230612
0.252453
0.034452
0.057357
0.086658
0.286744
0.227832
0.398922
0.034781
0.524188
0.517626
0.062295
0.08518
0.332325
0.164615
0.732263
0.268456
0.070027
0.178711
0.344938
0.141871
0.080042
0.963411
0.134456
0.175666
0.705754
0.086069
0.066483
0.915864
0.181547
0.28996
0.161924
0.217255
0.011571
1.022397
0.707847
0.126563
0.816006
0.540986
0.111904
0.307817
0.331975
0.100182
0.323784
0.599386
0.266027
0.077375
0.155508
0.320815
0.366441
0.214494
0.011114
0.151681
0.055977
0.037853
0.114876
0.020061
0.062824
0.024584
0.166221
0.13479
0.141926
0.600413
0.126119
0.326208
0.00468
0.342918
0.237985
0.422387
0.151782
0.166091
0.092728
0.260548
0.154968
0.083354
0.456956
0.165629
0.204672
0.56548
0.058576
0.334429
0.084098
0.702358
0.218321
0.08081
0.051202
0.162325
0.137367
0.16146
0.126139
0.127998
0.185185
0.127299
0.270397
0.739584
0.594536
0.075061
0.022683
0.08651
0.310405
0.116415
0.15628
0.099656
0.132699
0.238157
0.22545
0.258769
0.367267
0.189237
0.285801
0.483675
0.172995
0.07948
0.098004
0.489564
0.104967
0.160792
0.090998
0.50691
0.297327
0.324934
0.20224
0.029302
0.349531
0.637402
0.18448
0.144451
0.510161
0.158186
0.285354
0.116277
0.160905
0.497969
0.245134
0.093301
0.047925
0.288828
0.298378
0.135051
0.220339
0.086074
0.798156
0.078555
0.056448
0.285036
0.124981
0.362177
0.028822
0.155803
0.049682
0.132265
0.654527
0.209599
0.340323
0.662141
0.337663
0.145299
0.182027
0.02667
0.235578
0.139393
0.050478
0.23483
0.216261
0.108136
0.084562
0.148333
0.074212
0.085328
0.145121
0.136606
1.118331
0.256669
0.114381
0.045695
0.27226
0.344306
0.47614
0.462485
0.2654
0.35544
0.32452
0.070041
0.101235
0.105514
0.105774
0.021185
0.275963
0.535241
0.117695
0.055994
0.550038
0.199317
0.224696
0.115676
0.383372
0.26653
0.023822
0.593519
0.211823
0.059507
0.066099
0.103174
0.017409
0.086063
0.488541
0.452298
0.411181
0.347275
0.076118
0.141598
0.316846
0.287604
0.234519
0.105559
0.256889
0.02763
0.100908
0.342016
0.731014
0.048925
0.056429
0.088822
0.102678
0.232821
0.062961
0.135109
0.505169
0.031642
0.22308
0.463691
0.216143
0.711366
0.255814
0.137851
0.450162
0.364159
0.321501
0.357552
0.217181
0.092333
0.139528
0.166253
0.029195
0.338246
0.258873
0.205134
0.750094
0.045055
0.336588
0.185352
0.027834
0.077598
0.187853
0.059673
0.109612
0.696467
0.040835
0.062082
0.176127
0.502945
0.445263
0.324648
0.061579
0.112972
0.285646
0.090156
0.074368
0.541567
0.276084
0.228928
0.465234
0.417188
0.049863
0.29232
0.129576
0.325606
0.422042
0.22438
0.312991
0.159686
0.185052
0.454012
0.065656
0.259222
0.057797
0.042621
0.107399
0.08147
0.185255
0.275856
0.016758
0.106404
0.250922
0.049995
0.058549
0.254152
0.42779
0.059057
0.166756
0.291553
0.254876
0.334862
0.28819
0.065753
0.07167
1.748887
0.286032
0.046723
0.139129
0.39471
0.492976
0.214078
0.373414
0.143148
0.036629
0.238552
0.068995
0.042023
0.127434
0.122514
0.453812
0.080943
0.331447
0.072982
0.439617
0.364516
0.033869
0.440853
0.092565
0.326158
0.633605
0.125833
0.637622
0.175072
0.852883
0.358005
0.064369
0.093659
0.287379
0.137137
0.447178
0.181259
0.153499
0.145516
0.089314
0.270103
0.008425
0.044771
0.154806
0.127924
0.27794
0.044892
0.072005
0.128969
0.034616
0.147181
0.208452
0.174477
0.272785
0.24416
0.498068
0.098757
0.038518
0.028933
0.14046
0.183391
0.08976
0.205052
0.027473
0.592602
0.205935
0.120417
0.311841
0.396278
0.020434
0.151289
0.298629
0.161695
0.413397
0.471473
0.473424
0.054955
0.114735
0.245309
0.196979
0.180263
0.359837
0.115943
0.053282
0.689475
0.633743
0.388896
0.091939
0.190291
0.389154
0.087261
0.161557
0.397035
0.012746
0.01306
0.38163
0.26372
0.398449
0.126905
0.428483
0.480537
0.035111
0.091531
0.110422
0.038533
0.149812
0.08374
0.066914
0.058495
0.27732
0.077012
0.077457
0.008199
0.033263
0.30645
0.174625
0.315778
0.183138
0.133669
0.469164
0.058528
0.081274
0.822392
0.239135
0.496563
0.117695
0.209198
0.080521
0.138556
0.152573
0.409991
0.235968
0.253039
0.306225
0.475473
0.297529
0.028279
0.061616
0.215727
0.288044
0.113583
0.394048
0.135901
0.24472
0.345992
0.671902
0.033786
0.016741
0.247537
0.071039
0.040798
0.287605
0.383133
0.714201
0.481418
0.457363
0.061905
0.150238
0.682507
0.11464
0.231379
0.188563
0.069018
0.18757
0.129569
0.015049
0.328833
0.599155
0.106643
0.079114
0.109712
0.0774
0.427369
0.201288
0.51471
0.031205
0.070173
0.332783
0.039222
0.110661
0.063454
0.002653
0.162714
0.018053
0.247457
0.174711
0.557161
0.030436
0.077746
0.3377
0.116273
0.021028
0.436597
0.185127
0.056472
0.218979
0.137387
0.172989
0.343193
0.102255
0.123414
0.078581
0.023038
0.198624
0.458979
0.495526
0.20532
0.082575
0.278764
0.043948
0.557712
0.094971
0.251357
0.541146
0.207026
0.051109
0.665507
0.074845
0.049637
0.064452
0.078225
0.420893
0.094416
0.089968
0.354888
0.125322
0.018968
0.463191
0.119949
0.163989
0.275306
0.095495
0.147142
0.101278
0.392791
0.090264
0.113315
0.15137
0.377778
0.16179
0.273765
0.325795
0.645299
0.243283
0.681162
0.023259
0.509282
0.094549
0.441838
0.017699
0.047107
0.040278
0.556097
0.050373
0.009708
0.396094
0.761489
0.154384
0.124977
0.574233
0.248483
0.236962
0.0427
0.066084
0.03562
1.065071
0.652396
0.320719
0.074477
0.188313
0.644
0.206881
0.260241
0.074722
0.180254
0.323416
0.118162
0.034528
0.244657
0.041144
0.120624
0.048352
0.007351
0.434386
0.150197
0.506014
0.257718
0.425646
0.096859
0.163791
0.377317
0.206626
0.136153
0.352373
0.047908
0.092403
0.742607
0.196675
0.092641
0.181181
0.041855
0.174162
0.536089
0.350647
0.13412
0.123125
0.595026
0.247025
0.119386
0.155109
0.053071
0.193625
0.134244
0.136098
0.327406
0.396561
0.408517
0.382649
0.375422
0.042677
0.598577
0.130162
0.233854
0.104397
0.20349
0.278091
0.635542
0.279685
0.353484
0.541066
0.052988
0.213815
0.230145
0.169812
0.022771
0.089677
0.094457
0.250452
0.163043
0.602539
0.089967
0.270187
0.497128
0.170485
0.052589
0.123078
0.106963
0.3785
0.061807
0.133475
0.527533
0.111036
0.135381
0.301014
0.155598
0.032295
0.120137
0.052067
0.120328
0.205417
0.701152
0.228534
0.234826
0.393807
0.356065
0.20844
0.121378
1.051629
0.260801
0.081022
0.176638
0.047679
0.12072
0.054634
0.123518
0.222016
0.778359
0.311741
0.132667
0.135907
0.176913
0.053517
0.06974
0.330601
0.160763
0.105008
0.39691
0.274154
0.796137
0.194098
0.541898
0.13204
0.517902
0.204438
0.516763
0.068638
0.019261
0.276594
0.163117
0.079499
0.08498
0.221443
0.262042
0.202585
0.21008
0.103965
0.292515
0.039913
0.335565
0.066779
0.17434
0.114143
0.282342
0.265788
0.043435
0.068521
0.366369
0.688493
0.507349
0.880008
0.189802
0.015378
0.128014
0.11443
0.225318
0.089399
0.530272
0.197773
0.134968
0.489267
0.128308
0.246491
0.448281
0.197874
0.258971
0.280046
0.498309
0.438329
0.482457
0.296878
0.294481
0.08157
0.14621
0.52809
0.151786
0.533167
0.234908
0.037328
0.0337
0.614647
0.188623
0.18925
0.03598
0.103867
0.647642
0.103371
0.226935
0.084818
0.050183
0.375177
0.071205
0.075821
0.144727
0.244757
0.076561
0.037698
0.224398
0.020217
0.014447
0.526507
0.178717
0.115489
0.095487
0.162787
0.339658
0.04256
0.090178
0.175444
0.314989
0.09604
0.128965
0.210189
0.064674
0.503444
0.033922
0.319339
0.052253
0.078707
0.722237
0.039479
0.095041
0.275337
0.531228
0.208967
0.219486
0.047498
0.087196
0.227147
0.244164
0.406623
0.279032
0.173863
0.021398
0.078179
0.144413
0.137616
0.1633
0.471857
0.079147
0.058735
0.559455
0.245934
0.106884
0.456313
0.637006
0.137387
0.206422
0.154296
0.079316
0.179337
0.347334
0.24015
0.050791
0.199103
0.180369
0.132299
0.435518
0.076377
0.182022
0.645982
0.175955
0.31882
0.142045
0.58669
0.411339
0.694831
0.134904
0.16799
0.468871
0.095239
0.075307
0.048822
0.114157
0.596778
0.120519
0.324074
0.257377
0.28274
0.332859
0.185232
0.339899
0.437433
0.10777
0.362473
0.100783
0.134225
0.065408
0.051704
0.285905
0.548521
0.406908
0.304823
0.178958
0.215938
0.15311
0.031289
0.601386
0.093797
0.276755
0.42445
0.013726
0.214215
0.300125
0.116449
0.306533
0.063909
0.227568
0.263392
0.148929
0.319848
0.304965
0.413197
0.353941
0.181748
0.145483
0.207538
0.076676
0.362329
0.026742
0.050915
0.233359
0.243025
0.159674
0.029862
0.071786
0.140729
0.247252
0.256039
0.224523
0.067554
0.168305
0.262974
0.168061
0.524945
0.04305
0.296815
0.252596
0.088575
0.081567
0.466502
0.099488
0.146408
0.355054
1.087951
0.364516
0.571082
0.093401
0.208128
0.17792
0.103168
0.054247
0.749384
0.111738
0.10395
0.071551
1.155533
0.219532
0.095178
0.051787
0.042318
0.061377
0.040608
0.066041
0.04756
0.119949
0.089756
0.078838
0.190549
0.132851
0.266239
0.222728
0.240735
0.170354
0.662832
0.521806
0.318813
0.158197
0.850734
0.082093
0.498576
0.184534
0.289413
0.574443
0.556743
0.36975
0.211844
0.139557
0.556879
0.149544
0.080661
0.883067
0.658196
0.649048
0.453525
0.012299
0.146669
0.076366
0.077045
0.086272
0.068885
0.123559
0.587302
0.087172
0.619278
0.621341
0.02728
0.749057
0.320435
0.219593
0.133692
0.234395
0.122663
0.06637
0.367595
0.144347
0.068379
0.138389
0.20892
0.128749
0.402593
0.124118
0.082641
0.324903
0.033597
0.193575
0.027764
0.326023
0.154784
0.087179
0.004705
0.509972
0.108503
0.286592
0.137621
0.242709
0.279639
0.077247
0.592894
0.134878
0.119864
0.121577
0.090776
0.187328
0.17304
0.33771
0.39763
0.520017
0.103607
0.201681
0.626808
0.061104
0.092588
0.077924
0.172657
0.113748
0.355791
0.044298
0.492985
0.089261
0.042318
0.249031
0.132351
0.398583
0.133238
0.465653
0.807912
0.078246
0.142502
0.334603
0.293364
0.130432
0.03298
0.052922
0.121679
0.419931
0.343576
0.035401
0.285202
0.62735
0.138398
0.728493
0.10962
0.244628
0.425562
0.085174
0.506388
0.149439
0.318523
0.80855
0.010216
0.254015
0.308978
0.123182
0.034294
0.120435
0.261577
1.21789
0.359503
0.184621
0.0283
0.238654
0.119328
0.176897
0.024278
0.491641
1.068951
0.169318
0.072704
0.475099
0.384175
0.601394
0.491757
0.114232
0.15505
0.49403
0.400953
0.862405
0.196179
0.073961
0.042202
0.113128
0.201174
0.012899
0.155352
0.21747
0.275979
0.45348
0.201708
0.108206
0.17019
0.437473
0.226262
0.246523
0.590354
0.50113
0.229173
0.286335
0.396075
0.185524
0.32599
0.224753
0.22575
0.022727
0.46423
0.07462
0.071792
0.317271
0.186578
0.208269
0.70493
0.076195
0.107309
0.191572
0.124809
0.340744
0.115974
0.175687
0.055063
0.304064
0.008507
0.06222
0.04722
0.237034
0.226399
0.722816
0.150636
0.054396
0.053118
0.490417
0.17404
0.134814
0.341575
0.248885
0.05462
0.038551
0.065877
0.302826
0.256064
0.109023
0.175803
0.499195
0.033835
0.055999
0.813646
0.050522
0.150105
0.507288
0.078118
0.158332
0.131415
0.270071
0.444866
0.058229
0.64364
0.071388
0.185203
0.015644
0.434974
0.135459
0.187462
0.267786
0.398394
0.251532
0.195372
0.219363
0.166921
0.708251
0.349623
0.299874
0.245154
0.15995
0.088962
0.119886
0.351782
0.133266
0.083857
0.136702
0.10876
1.174866
0.533277
0.091355
0.143885
0.156654
0.157264
0.167371
0.103351
0.208728
0.088146
0.251997
0.13259
0.142173
0.246031
0.117598
0.591138
0.210512
0.07348
0.086837
0.240729
0.186292
0.12329
0.087152
0.059443
0.30972
0.225418
0.136443
0.267478
0.376449
0.332579
0.05388
0.209411
0.202178
0.196577
0.035637
0.237402
1.025907
0.376773
0.089573
0.16561
0.135973
0.431409
0.411163
0.073995
0.133774
0.081878
0.159148
0.214197
0.098302
0.37753
0.018214
0.060355
0.120261
0.445846
0.036357
0.397082
0.151229
0.01954
0.222488
0.693013
0.068627
0.10958
0.171181
0.029151
0.471232
0.083842
0.319399
0.488745
0.119078
0.230009
0.047721
0.212495
0.399605
0.127757
0.19369
0.141451
0.144641
0.029376
0.093472
0.545589
0.16888
0.271475
0.055075
0.022998
0.182146
0.058433
0.183586
0.227366
0.321291
0.084525
0.435175
0.072348
0.169049
0.033473
0.702075
0.207078
0.019074
0.028173
0.329597
0.280261
0.160624
0.059815
0.070589
0.038684
0.42972
0.272517
0.010643
0.140542
0.061007
0.207969
0.089035
0.377933
0.15006
0.183514
0.562624
0.121622
0.100479
0.210024
0.2775
0.392299
0.135459
0.147667
0.110032
0.169025
0.217415
0.367114
0.819833
0.166316
0.083783
0.609508
0.080218
0.527005
0.097674
0.17768
0.086099
0.053626
0.205558
0.125598
0.333111
0.249212
0.693832
0.280005
0.228039
0.416484
0.055665
0.480737
0.018044
0.36625
0.072844
0.016085
0.212405
0.131495
0.072131
0.463697
0.44911
0.796605
0.061529
0.267013
0.151592
0.04629
0.431357
0.135149
0.116541
0.089466
0.064538
0.076669
0.341275
0.521693
0.649263
0.088821
0.012896
0.109555
0.190872
0.465689
0.678501
0.708192
0.534322
0.110319
0.215285
0.249991
0.271323
0.174691
0.116461
0.374023
0.106641
0.016947
0.141407
1.07065
0.013976
0.049995
0.228262
0.076884
0.158485
0.039398
0.003104
0.051994
0.036837
0.157971
0.18244
0.257525
0.350243
0.106649
1.067996
0.810103
0.067439
0.347715
0.069689
0.253515
0.25612
0.410988
0.401873
0.030408
0.162446
0.142612
0.250194
0.351483
0.222501
0.152975
0.271906
0.182941
0.096779
0.035711
0.018218
0.233752
0.103799
0.049784
0.078513
0.144044
0.145358
0.244153
1.244821
0.120789
0.336294
0.131205
0.567743
0.185075
0.13572
0.092611
0.096743
0.557308
0.086411
0.195379
0.405648
0.094641
0.339402
0.156283
0.315815
0.65893
0.30418
0.024991
0.160106
0.366412
0.312821
0.498542
0.240918
0.051797
0.371884
0.090291
0.266517
0.174183
0.222082
0.063053
0.50292
0.196744
0.013156
0.144148
0.265255
0.18899
0.060135
0.198934
0.084704
0.271024
0.195041
1.167658
0.112562
0.346849
0.131639
0.518057
0.320707
0.448138
0.166514
0.121576
0.109773
0.206842
0.039381
0.204649
0.499158
0.593727
0.123168
0.133741
0.202571
0.890974
0.242903
0.421412
0.102385
0.293237
0.333606
0.309304
0.252498
0.071337
0.771901
0.046992
0.592164
0.179591
0.252824
0.045466
0.192659
0.059084
0.058772
0.230924
0.086233
0.260242
0.040831
0.872463
0.008241
0.076861
0.601352
0.067499
0.416079
0.044312
0.214293
1.257223
0.032988
0.043891
0.154034
0.047899
0.090178
0.444913
0.217368
1.248522
0.330772
0.148061
0.406909
0.087518
0.215293
0.116594
0.259221
0.09218
0.163571
0.237595
0.074603
0.125276
0.248376
0.610785
0.110067
0.251195
0.250107
0.469591
0.24319
0.241448
0.448538
0.155027
0.528062
0.351615
0.084491
0.207608
0.380654
0.376836
0.135712
0.099027
0.07557
0.183379
0.173292
0.27958
0.100844
0.451029
0.028924
0.173111
0.385028
0.045431
0.422976
0.058616
0.165344
0.120808
0.170823
0.09305
0.212435
0.325677
0.303685
0.059542
0.422165
0.411277
0.132296
0.273401
0.269124
0.298626
0.208404
0.149145
0.392645
0.502064
0.146196
0.4416
0.199792
0.135433
0.00885
0.03854
0.041688
0.290447
0.037195
0.415034
0.13363
0.818666
0.032326
0.23986
0.253937
0.080381
0.237687
0.243261
0.145873
0.206914
0.360769
0.114213
0.173878
0.135372
0.458259
0.302399
0.124351
0.061004
0.064795
0.208218
0.392674
0.460957
0.016742
0.226996
0.394709
0.279104
0.312926
0.483291
0.275516
0.098752
0.101543
0.153467
0.94689
0.187688
0.134281
0.139641
0.825555
0.068712
0.258074
0.13843
0.171514
0.129078
0.168992
0.018634
0.063594
0.151452
0.129059
0.195128
0.421264
0.155594
0.041416
0.477233
0.263031
0.340987
0.173018
0.097378
0.243616
0.671949
0.010114
0.19087
0.043399
0.188634
0.073175
0.318257
0.23085
0.159835
0.075439
0.056826
0.051757
0.151459
0.054168
0.914305
0.382176
0.384983
0.598859
0.141396
0.509829
0.224739
0.489196
0.017256
0.043435
0.138414
0.502149
0.136044
0.058649
0.053902
0.252327
0.127922
0.301291
0.101297
0.162659
0.010811
0.445523
0.136524
0.134937
0.892715
0.228846
0.251271
0.181885
0.10124
0.151058
0.068713
0.151309
0.572343
0.042437
0.728556
0.089915
0.515766
0.104822
0.298363
0.101126
0.072326
0.025874
0.564219
0.162347
0.088808
0.474174
0.242299
0.271585
0.332018
0.049014
0.41958
0.079433
0.203068
0.017142
0.155386
0.38953
0.098809
0.366362
0.140321
0.136691
0.066906
0.42671
0.099789
0.080167
0.733317
0.20725
0.242683
0.041087
0.198606
0.428279
0.447045
0.122717
0.009947
0.119763
0.385529
0.189099
0.276679
0.285717
0.043127
0.52621
0.193227
0.560204
0.095587
0.323622
0.056728
0.563447
0.097183
0.281611
0.107024
0.340143
0.205271
0.050336
0.934117
0.251208
0.095291
0.29331
0.17059
0.01538
0.184144
0.782502
0.026694
0.60933
0.2601
0.022766
0.338528
0.159706
0.314716
0.322682
0.896166
0.135825
0.338939
0.487384
0.201494
0.772946
0.01662
0.302458
0.104211
0.285363
0.191317
0.17741
0.237281
0.446845
0.136974
0.449395
0.552097
0.105963
0.070565
0.063796
0.68115
0.153913
0.322449
0.126296
0.354757
0.085622
0.290158
0.160019
0.325248
0.200278
0.069513
0.154919
0.342226
0.057736
0.092423
0.37813
0.313438
0.209485
0.39137
0.177457
0.199248
0.297398
0.138019
0.067797
0.818597
0.105188
0.024109
0.298388
0.377013
0.058856
0.088204
0.029202
0.05849
0.080207
0.073507
0.140099
0.168989
0.120452
0.038407
0.137348
0.390792
0.216544
0.206764
0.153224
0.090408
0.0608
0.07807
0.199425
0.511033
0.015481
0.129431
0.329257
0.346526
0.068125
0.253351
0.23132
0.360226
0.054986
0.020074
0.247508
0.020204
0.150785
0.160799
0.091208
0.114918
0.247885
0.941932
0.203936
0.070229
0.468316
0.235072
0.101342
0.16844
0.353163
0.438454
0.138508
0.092467
0.05953
0.332797
0.203993
0.339452
0.263899
0.476786
0.020581
0.070224
0.868124
0.154021
0.229558
0.425173
0.065846
0.262432
0.346431
0.076137
0.094671
0.189737
0.081349
0.17179
0.049766
0.200673
0.705739
0.275873
0.3719
0.082202
0.028744
0.513629
0.23615
0.230674
0.323448
0.14392
0.137691
0.100204
0.209342
0.144953
0.344524
0.550014
0.216756
0.157422
0.072612
0.100745
0.063042
0.258051
0.32164
0.141687
0.302914
0.103405
0.038489
0.044544
0.125077
0.061756
0.229174
0.136436
0.074421
0.116488
0.788988
0.070625
0.473139
0.141453
0.31715
0.209144
0.217064
0.027104
0.393248
0.308012
0.973691
0.343032
0.315698
0.024883
0.058293
0.094013
0.552728
0.049359
0.03104
0.128389
0.067239
0.19641
0.081709
0.346917
0.10357
0.198921
0.311709
0.116485
0.119632
0.369309
0.039038
0.351634
0.423839
0.023871
0.165465
0.384016
0.075855
0.39371
0.257249
0.289583
0.316773
0.360605
0.293487
0.181801
0.788445
0.216167
0.085505
0.176115
0.046012
0.146882
0.05912
0.295071
0.284547
0.133785
0.657158
0.303502
0.242655
0.113133
0.138728
0.455472
0.171603
0.128125
0.357715
0.204521
0.082952
0.195574
0.322881
0.021727
0.265223
0.135891
0.402788
0.074902
0.243574
0.052828
0.071535
0.055061
0.229646
0.809333
0.265074
0.051586
0.354214
0.437073
0.148341
0.096079
0.291485
0.057559
0.068424
0.30463
0.522627
0.343934
0.257822
0.228056
0.197143
0.17067
0.126803
0.101087
0.092974
0.311211
0.035671
0.445348
0.058429
0.155697
1.057674
0.080682
0.2801
0.193397
0.291045
0.364116
0.484259
0.02422
0.20248
0.044313
0.08376
0.07176
0.356762
0.014871
0.371438
0.211654
0.173623
0.182715
0.086657
0.025095
0.236274
0.237286
0.177329
0.162621
0.019839
0.045734
0.402832
0.133586
0.042255
0.516169
1.042913
0.255648
0.715837
0.077189
0.019178
0.685634
0.114482
0.043789
0.089762
0.079558
0.591839
0.226154
0.288806
0.563511
0.622541
0.184115
0.131537
0.573234
0.234778
0.125032
0.13887
0.069864
0.308521
0.05494
0.889753
0.206482
0.030567
0.177875
0.121465
0.544511
0.316937
0.301487
0.235232
0.438341
0.142259
0.142173
0.189177
0.041407
0.53681
0.08503
0.445944
0.180768
0.046712
0.138746
0.089173
0.05395
0.342101
0.167703
0.265211
0.376747
0.235925
0.236781
0.18345
0.176573
0.229569
0.526494
0.472312
0.112923
0.121852
0.637094
0.216955
0.120953
0.111815
0.310158
0.269822
0.075684
0.213297
0.187513
0.359265
0.118996
0.176029
0.281281
1.590387
0.032538
0.144251
0.15989
0.156716
0.614468
0.138499
0.149999
0.483853
0.082232
0.195626
0.139706
0.039915
0.165842
0.444444
0.070991
0.045925
0.578636
0.485647
0.123554
0.220764
0.085631
0.2143
0.102722
0.671426
0.123642
0.867369
0.202573
0.346502
0.259088
0.238526
0.213925
0.11536
0.101804
0.396711
0.280752
0.164612
0.254584
0.084461
0.03996
0.276462
0.326509
0.245956
0.277929
0.257312
0.07489
0.25422
0.032791
0.435514
0.048724
0.155829
0.141521
0.131569
0.448703
0.114596
0.007299
0.081733
0.132679
0.246287
0.19336
0.178327
0.114988
0.602042
0.164025
0.092936
0.063797
0.325191
0.010087
0.224081
0.081166
0.110296
0.313448
0.296871
0.265619
0.374609
0.2513
0.108702
0.479583
0.174857
0.336041
0.205908
0.104204
0.294914
0.485612
0.076689
0.287223
0.326362
0.489596
0.085053
0.164388
0.200062
0.286559
0.053552
0.457639
0.181741
0.429224
0.118238
0.238693
0.078545
0.304847
0.259965
0.072094
0.055184
0.03396
0.569612
0.077971
0.373684
0.090261
0.451204
0.020747
0.110922
0.278433
0.089789
0.001622
0.602094
0.013543
0.126225
0.247325
0.400279
0.10647
0.04058
0.409741
0.466667
0.044113
0.020279
0.091085
0.530747
0.121595
0.081679
0.304797
0.025998
0.039862
0.036575
0.557016
0.46675
0.143307
0.056597
0.62577
0.228502
0.068463
0.348175
0.287905
0.172135
0.04856
0.763841
0.024969
0.038336
0.214583
0.069343
0.09287
0.697664
0.09585
0.094943
0.105482
0.518167
0.081929
0.109919
0.228971
0.072638
0.339893
0.198343
0.422114
0.067101
0.089181
0.460405
0.270338
0.093591
0.269751
0.479261
0.094968
0.15375
0.099169
0.154681
0.424714
0.334825
0.10698
0.167656
0.0129
0.112496
0.442579
0.379513
0.095789
0.14291
0.251669
0.487147
0.678805
0.146625
0.132598
0.183046
0.147902
0.16236
0.143902
0.257023
0.211924
0.245476
0.234174
0.234242
0.312435
0.321161
0.355414
0.287526
0.305148
0.379582
0.293281
0.431685
0.260282
0.36448
0.306562
0.146284
0.036707
0.417484
0.291479
0.026193
0.618564
0.193963
0.041325
0.250155
0.287532
0.153989
0.025568
0.05659
0.52691
0.119192
0.296369
0.534839
0.138167
0.192313
0.077052
0.073202
0.212703
0.04232
0.62644
0.114885
0.105539
0.110182
0.519712
0.203082
0.115675
0.675214
0.097267
0.130687
0.226937
0.081278
0.249406
0.296408
0.466064
0.190104
0.111219
0.093125
0.03566
0.097413
0.699472
0.093523
0.44315
0.167239
0.093422
0.103138
0.129896
0.046423
0.555994
0.210885
0.634178
0.002639
0.537095
0.198003
0.177314
0.118365
0.130531
0.06938
0.221243
0.343027
0.118424
0.319458
0.111375
0.267415
0.162239
0.220963
0.224568
0.070727
0.093239
0.209883
0.116127
0.047811
0.202541
0.327498
0.28546
0.086707
0.093711
0.251144
0.710727
0.269495
0.114254
0.139365
0.570534
0.073473
0.309379
0.556694
0.082298
0.154733
0.017345
0.141113
0.190068
0.021808
0.149723
0.443719
0.944891
0.344488
0.314518
0.646971
0.065896
0.137569
0.080535
0.033305
0.083014
0.305697
0.379876
0.320924
0.229196
0.281147
0.05776
0.06411
0.061064
0.137481
0.098768
0.194087
0.658615
0.083103
0.35128
0.042607
0.035658
0.275803
0.307847
0.096658
0.017208
0.156981
0.177512
0.16258
0.070046
0.25815
0.122101
0.128344
0.067122
0.186564
0.733439
0.195262
0.281885
0.172159
0.058016
0.089775
0.135237
0.230876
0.929742
0.362512
0.337645
0.303328
0.540388
0.746012
0.679148
0.092224
0.544807
0.360281
0.080225
0.156477
0.223065
0.125225
0.207934
0.223325
0.356027
0.408558
0.273316
0.243043
0.180265
0.252214
0.185639
0.05261
0.332255
0.181995
0.154844
0.209691
0.088908
0.663309
0.188028
0.266777
0.087736
0.176379
0.269326
0.100217
0.147723
0.161231
0.382646
0.815048
0.095593
0.160793
0.871394
0.239531
0.100328
0.061165
0.17582
0.422197
0.341197
0.171507
0.461015
0.480574
0.047785
0.207214
0.111063
0.224369
0.47803
0.129172
0.163952
0.206064
0.757893
0.158248
0.454025
0.382915
0.279242
0.226611
0.589854
1.000678
0.489911
0.056463
0.225432
0.408046
0.649209
0.136101
0.086507
0.139213
0.245973
0.203794
0.212521
0.153178
0.096945
0.695669
0.117313
0.456023
0.106872
0.250026
0.304656
0.16667
0.365861
0.2776
0.379295
0.292033
0.345497
0.008163
0.226777
0.351711
0.264746
0.244205
1.795408
0.283006
0.036835
0.091855
0.1258
0.253679
0.014984
0.494823
0.323908
0.470791
0.690702
0.151331
0.071716
0.219561
0.029108
0.278321
0.268635
0.03483
0.091701
0.21343
0.292606
0.165133
0.249774
0.067316
0.438019
0.050689
0.339653
0.059888
0.102561
0.049136
0.200173
0.164493
0.299098
0.178039
1.046341
0.316121
0.007942
0.053717
0.22186
0.4808
0.064956
0.112926
0.189777
0.097767
1.080021
0.232983
0.253448
0.101582
0.381873
0.806169
0.260124
0.260669
0.546962
0.2087
0.227396
0.34962
0.282635
0.049824
0.093338
0.047039
0.141738
0.306147
0.05577
0.443267
0.10377
0.246122
0.079934
0.125216
0.067181
0.090285
0.069155
0.109684
0.583607
0.211648
0.165208
0.68158
0.103703
0.082517
0.077678
0.503554
0.404491
0.686074
0.477102
0.181205
0.333427
0.282427
0.334396
0.028603
0.236226
0.189168
0.340605
0.068335
0.182453
0.436178
0.337296
0.843338
0.176383
0.080656
0.239145
0.635632
0.127253
0.310087
0.051509
0.679764
0.608078
0.62788
0.020236
0.080144
0.19215
0.228371
0.348538
0.244959
0.605872
0.510944
0.270274
0.250621
0.416872
0.05677
0.029358
0.078484
0.156439
0.183469
0.303541
0.126422
0.101536
0.145276
0.175051
0.66537
0.160279
0.332922
0.007372
0.068354
0.316115
0.124405
0.071283
0.174502
0.205051
0.011703
0.312381
0.109079
0.17357
0.212632
0.016746
0.03574
0.771684
0.522754
0.022421
0.14542
0.022512
0.378533
0.371762
0.111316
0.066322
0.056823
0.228279
0.069481
0.120374
0.252549
0.108086
0.283816
0.267012
0.040432
0.177771
0.037169
0.164654
0.085175
0.37802
0.043418
0.434046
0.600139
0.12663
0.107665
0.47719
0.162966
0.090738
0.092261
0.082255
0.219212
0.244301
0.209172
0.210319
0.095978
0.134821
0.159844
0.135619
0.096032
0.034123
0.10114
0.561222
0.342541
0.775841
0.132837
0.17243
0.037644
0.325093
0.124666
0.141105
0.390577
0.090903
0.378024
0.491827
0.411879
0.245151
0.136717
0.083156
0.483965
0.019041
0.021628
0.070989
0.170541
0.231986
0.171773
0.444536
0.280432
0.170725
0.076948
0.178198
0.462422
0.251461
0.372417
0.181415
0.366083
0.081762
0.05155
0.362198
0.10764
0.142017
0.260013
0.257541
0.734685
0.375047
0.210031
0.073394
0.230807
0.25973
0.274361
0.365534
0.083098
0.269362
0.439009
0.11951
0.288793
0.046598
0.20377
0.109318
0.142937
0.116306
0.060635
0.375034
0.179404
0.443011
0.226767
0.095821
0.281127
0.051215
0.668926
0.629108
0.172621
0.409521
0.198398
0.304221
0.126396
0.501749
0.176819
0.032242
0.174847
0.114059
0.157382
0.231929
0.162682
0.102028
0.094673
0.397194
0.259119
0.420031
0.085094
0.370397
0.33149
0.13899
0.153044
0.136995
0.357001
0.57491
0.036554
0.296049
0.430846
0.214977
0.155918
0.219517
0.037833
0.530773
0.255575
0.110584
0.050782
0.054928
0.396812
0.025264
0.133908
0.316395
0.00848
0.166032
0.027271
0.407771
0.275849
0.373709
0.244742
0.090224
0.237182
0.102478
0.210194
0.417164
0.129122
0.222982
0.313756
0.090778
0.224885
0.271792
0.006038
0.027508
0.024452
0.293472
0.066687
0.351164
0.246712
0.189088
0.631984
0.482763
0.374587
0.123786
0.383331
0.143278
0.06307
0.206865
0.282424
0.228004
0.180108
0.186584
0.050579
0.123304
0.274666
0.092561
0.110912
0.260106
0.129137
0.512042
0.250203
0.332973
0.153186
1.160998
0.383762
0.229847
0.118072
0.381552
0.04946
0.04978
0.583782
0.134932
0.482685
0.136821
0.409722
0.010568
0.02315
0.205902
0.353244
0.348133
0.527947
0.044008
0.298507
0.356666
0.425319
0.77018
0.212971
0.681394
0.165541
0.16282
0.201832
0.036074
0.477418
0.235364
0.064621
0.483318
0.172044
0.081162
0.353836
0.447833
0.207338
0.386088
0.042223
0.068544
0.055959
0.218277
0.363935
0.185252
0.325821
0.138274
0.257146
0.071285
0.878452
0.493968
0.149441
0.683314
0.179382
0.892495
0.212098
0.241252
0.049863
0.656069
0.040409
0.251611
0.088377
0.126944
0.253268
0.056966
0.451561
0.360984
0.160904
0.078266
0.218313
0.10985
0.297492
0.084977
0.368309
0.535736
0.091042
0.398928
0.556485
0.015589
0.145779
0.367267
0.581141
0.090344
0.566392
0.1542
0.514054
0.318563
0.091895
0.85652
0.061645
0.3566
0.831659
0.274184
0.18854
0.03453
0.061102
0.106707
0.062454
0.081773
0.100864
0.150053
0.228469
0.643999
0.463321
0.039473
0.042317
0.267757
0.057056
0.089449
0.172988
0.370691
0.354096
0.238604
0.322679
0.039918
0.280281
0.024825
0.060279
0.048849
0.753173
0.26607
0.174421
0.26005
0.265823
0.186343
0.052462
0.289433
0.046277
0.199928
0.165764
0.120753
0.064002
0.297001
0.729379
0.081759
0.651784
0.211047
0.307907
0.182732
0.348335
0.30124
0.022077
0.083988
0.138686
0.127968
0.201375
0.089227
0.292673
0.058639
0.158211
0.054561
0.565808
0.018751
0.167109
0.058782
0.135149
0.615835
0.194729
0.315293
0.049894
0.142515
0.383995
0.578985
0.088787
0.250898
0.580191
0.079116
0.125278
0.280368
0.041507
0.175449
0.434763
0.661139
0.313514
0.118082
0.039883
0.082734
0.081297
0.233067
0.18139
0.469192
0.205935
0.068238
0.724113
0.328081
0.046443
0.061508
0.096998
0.136119
0.291889
0.23833
0.17598
0.288238
0.401235
0.320952
0.177808
0.154046
0.206645
0.098558
0.209944
0.024265
0.06957
0.142007
0.093202
0.052504
0.278173
0.232832
0.026017
0.485951
0.060084
0.059928
0.137042
0.045345
0.032915
0.02939
0.189585
0.111469
0.152159
0.579251
0.236335
0.107076
0.268051
0.168505
0.320783
0.344311
0.085278
0.149613
0.076734
0.084728
0.072968
0.030465
0.298676
0.110599
0.105813
0.287003
0.055897
0.331544
0.077098
0.045162
0.222303
0.499203
0.137066
0.136495
0.345277
0.072146
0.187877
0.106668
0.600148
0.366364
0.227298
0.070952
0.571711
0.061366
0.625068
0.15754
0.514169
0.32219
0.397749
0.020282
0.030711
0.4047
0.236865
0.105347
0.642603
0.031547
0.076087
0.171118
0.058207
0.017898
0.224079
0.070639
0.106008
0.591173
0.154961
0.128802
0.298935
0.274097
0.350501
0.020554
0.114599
0.056898
0.186499
0.067628
1.774591
0.118056
0.268812
0.34654
0.043863
0.113314
0.166474
0.104907
0.111756
0.180247
0.295997
0.513016
0.13832
0.045234
0.187131
0.203844
0.170174
0.393555
0.319893
0.098985
0.207275
0.265928
0.065456
0.080665
0.138861
0.309234
0.760013
0.291383
0.0659
0.231037
0.163281
0.195149
0.070066
0.124226
0.362974
0.177502
0.1478
0.094906
0.075166
0.29531
0.611504
0.199091
0.294833
0.223389
0.017522
0.064728
0.011257
0.123299
0.369341
0.311617
0.150342
0.138156
0.536461
0.117073
0.177975
0.222441
0.063738
0.066325
0.278086
0.485009
0.397919
0.582269
0.121343
0.154766
0.98176
0.098925
0.285519
0.768399
0.116095
0.250063
0.044613
0.242984
0.303277
0.331395
0.331091
0.185487
0.167934
0.53186
0.145518
0.514337
0.029902
0.557635
0.09806
0.150334
0.205764
0.427467
0.170531
0.151266
0.24841
0.397797
0.098699
0.174741
0.05561
0.08754
0.128046
0.152522
0.110949
0.553365
0.019972
0.35271
0.015046
0.1427
0.721965
0.488384
0.140956
0.155164
0.873102
0.143417
0.040687
0.092302
0.131813
0.247958
0.147388
0.290256
0.133706
0.372755
0.289384
0.33057
0.074889
0.043816
0.379583
0.11694
0.193017
0.064705
0.026317
0.325335
0.066112
0.048566
0.415772
0.52043
0.105919
1.009738
0.168265
0.058587
0.02475
0.270931
0.112502
0.153767
0.114251
0.616458
0.426076
0.179033
0.552281
0.114658
0.007885
0.317789
0.127331
0.086961
0.089146
0.292652
0.330898
0.438474
0.134872
0.088706
0.328608
0.24772
0.094656
0.020653
0.067499
0.243301
0.184888
0.184252
0.25078
0.098948
0.843409
0.478
0.372352
0.98296
0.139857
0.072388
0.066627
0.146987
0.226029
0.514223
0.035226
0.197815
0.045244
0.355035
0.144788
0.02074
0.343902
0.210687
0.307624
0.178621
0.073975
0.203263
0.054434
0.04056
0.296139
0.079046
0.033943
0.168315
0.036377
0.088075
0.045792
0.419863
0.571826
0.079537
0.266864
0.200391
0.084681
0.494872
0.521758
0.117586
0.542779
0.156391
0.211598
0.116744
0.248707
0.066278
0.198882
0.182665
0.281381
0.134769
0.226933
0.170142
0.061563
0.032352
0.120922
0.193843
0.043024
0.039106
0.210634
0.362142
0.982542
0.120796
0.082998
0.563375
0.017912
0.192634
0.499814
0.035434
0.575383
0.295485
0.082798
0.12307
0.378801
0.565254
0.300419
0.500225
0.427207
0.049839
0.358542
0.188706
0.679566
0.146263
0.107836
0.543487
0.218168
0.274043
0.469661
0.212042
0.091868
0.107911
0.050265
0.282771
0.019357
0.541382
0.069274
0.128614
0.603029
0.373934
0.334586
0.220892
0.168989
0.337851
0.369318
0.095398
0.976976
0.329196
0.126311
0.023467
0.039536
0.065994
0.034093
0.044338
0.414504
0.143899
0.066433
0.308958
0.106673
0.050857
0.110368
0.143245
0.325085
0.19938
0.183472
0.182928
0.514438
0.32262
0.261851
0.060211
0.421813
0.111745
0.138073
0.062783
0.188998
0.32004
0.347169
0.300365
0.004152
0.171406
0.130851
0.260876
0.257499
0.244482
0.058777
0.131132
0.242553
0.39829
0.476295
0.128615
0.261885
0.091036
0.130197
0.099998
0.00621
0.047257
0.26881
0.306692
0.259772
0.393863
0.626752
0.176107
0.046106
0.152098
0.110265
0.475168
0.147675
0.140684
0.754477
0.21251
0.225722
0.092969
0.04234
0.356361
0.233956
0.409087
0.48913
0.46872
0.822132
0.085868
0.067344
0.138525
0.200462
0.379467
0.087618
0.132316
0.315192
0.145328
0.019978
0.212288
0.348153
0.084613
0.244203
0.391041
0.428915
0.261412
0.14098
0.441554
0.108249
0.252
0.08882
0.376674
0.081569
0.260423
0.205182
0.160978
0.36958
0.177178
0.181756
0.01202
0.292655
0.065158
0.731206
0.506818
0.618463
0.107288
0.79525
0.03756
0.074244
0.30984
0.072898
0.218814
0.341217
0.321282
0.072182
0.349173
0.113736
0.054828
0.322318
0.09114
0.035213
0.19224
0.478384
0.115014
0.105767
0.085836
0.219046
0.176409
0.487175
0.194776
0.189711
0.067132
0.530712
0.107688
0.115406
0.047244
0.046848
0.376568
0.095433
0.04269
0.090579
0.424081
0.106158
0.065869
0.149918
0.156483
0.086249
0.66004
0.195431
0.200514
0.114463
0.243767
0.298268
0.066433
0.032258
0.777899
0.198811
0.035657
0.066553
0.116604
0.526175
0.316932
0.057915
0.348601
0.140082
0.125679
0.060758
0.133395
0.016918
0.366342
0.105388
0.059003
0.459347
1.752252
0.166875
0.486565
0.163586
0.368518
0.114664
0.087839
0.416744
0.348384
0.289511
0.084378
0.294337
0.037934
0.164816
0.188695
0.173918
0.090654
0.017317
0.183145
0.093984
0.177905
0.07312
0.195643
0.422627
0.244108
0.019023
0.258073
0.071032
0.140844
0.028836
0.233154
0.038477
0.040983
0.015343
0.085952
0.3813
0.074717
0.013069
0.034308
0.45799
0.140223
0.267372
0.203592
0.19056
0.333265
0.596614
0.444997
0.039393
0.179857
0.057211
0.033054
0.238417
0.219654
0.095013
0.248678
0.112312
0.273655
0.112075
0.268192
0.262772
0.214094
0.066939
0.242627
0.598305
0.236992
0.199219
0.073614
0.572508
0.130196
0.046525
0.619959
0.23286
0.252236
0.258564
0.063195
0.312222
0.18637
0.229256
0.053322
0.059541
0.110573
0.429182
0.430601
0.017963
0.14222
0.100088
0.107935
0.238031
0.070885
0.200547
0.113693
0.175812
0.099642
0.049579
1.329951
0.070522
0.166923
0.147155
0.276457
0.561915
0.048243
0.324536
0.231174
0.102783
0.306429
0.027585
0.261355
0.081127
0.053448
0.339393
0.251923
0.196669
0.456596
0.03894
0.292288
1.090913
0.269372
0.290882
0.051023
0.050736
0.14603
0.041432
0.230029
0.243658
0.484493
0.130306
0.37918
0.17999
0.042942
0.072062
0.089971
0.034519
0.420241
0.16614
0.412592
0.057649
0.271408
0.228539
0.270882
0.365231
0.084681
0.071858
0.770976
0.006035
0.413112
0.243675
0.160218
0.9594
0.135322
0.046134
0.382733
0.059083
0.011273
0.1049
0.695238
0.159714
0.171605
0.307102
0.091516
0.411251
0.035222
0.361597
0.395167
0.123596
0.402234
0.081697
0.078529
0.104009
0.037821
0.173325
0.054957
0.226088
0.501429
0.133971
0.156424
0.130008
0.69852
0.141529
0.30589
0.029744
0.055912
0.471432
0.618179
0.128363
0.032414
0.035075
0.552071
